../sounds/IOWA/xylophone//Xylophone.ff.hardrubber.stereo.A4.aiff	28.9728393555	28.9728393555	49	440.0	468.972839355	0.832645893097	0.215234875679	
../sounds/IOWA/xylophone//Xylophone.ff.hardrubber.stereo.A5.aiff	-438.32144165	438.32144165	61	880.0	441.67855835	0.959092497826	0.0856137573719	
../sounds/IOWA/xylophone//Xylophone.ff.hardrubber.stereo.A6.aiff	-873.263305664	873.263305664	73	1760.0	886.736694336	0.906238496304	0.205534845591	
../sounds/IOWA/xylophone//Xylophone.ff.hardrubber.stereo.Ab4.aiff	-204.24572236	204.24572236	48	415.30469758	211.05897522	0.62076485157	0.367731601	
../sounds/IOWA/xylophone//Xylophone.ff.hardrubber.stereo.Ab5.aiff	6.78153501589	6.78153501589	60	830.60939516	837.390930176	0.956067204475	0.0620053373277	
../sounds/IOWA/xylophone//Xylophone.ff.hardrubber.stereo.Ab6.aiff	51.2851159302	51.2851159302	72	1661.21879032	1712.50390625	0.782687425613	0.509417116642	
../sounds/IOWA/xylophone//Xylophone.ff.hardrubber.stereo.Ab7.aiff	-1656.64583259	1656.64583259	84	3322.43758064	1665.79174805	0.941848158836	0.430171638727	
../sounds/IOWA/xylophone//Xylophone.ff.hardrubber.stereo.B4.aiff	16.7982783337	16.7982783337	51	493.883301256	510.68157959	0.902903437614	0.318269103765	
../sounds/IOWA/xylophone//Xylophone.ff.hardrubber.stereo.B5.aiff	-4.11096286381	4.11096286381	63	987.766602512	983.655639648	0.902701795101	0.270101189613	
../sounds/IOWA/xylophone//Xylophone.ff.hardrubber.stereo.B6.aiff	20.0534648974	20.0534648974	75	1975.53320502	1995.58666992	0.955735564232	0.179846912622	
../sounds/IOWA/xylophone//Xylophone.ff.hardrubber.stereo.B7.aiff	-1955.53979872	1955.53979872	87	3951.06641005	1995.52661133	0.786648213863	0.586214542389	
../sounds/IOWA/xylophone//Xylophone.ff.hardrubber.stereo.Bb4.aiff	-1.05331840286	1.05331840286	50	466.163761518	465.110443115	0.809554815292	0.192037954926	
../sounds/IOWA/xylophone//Xylophone.ff.hardrubber.stereo.Bb5.aiff	-460.31449203	460.31449203	62	932.327523036	472.013031006	0.828893780708	0.195874407887	
../sounds/IOWA/xylophone//Xylophone.ff.hardrubber.stereo.Bb6.aiff	17.6011795136	17.6011795136	74	1864.65504607	1882.25622559	0.972925066948	0.178686246276	
../sounds/IOWA/xylophone//Xylophone.ff.hardrubber.stereo.Bb7.aiff	-1857.75101011	1857.75101011	86	3729.31009214	1871.55908203	0.835328578949	0.476738035679	
../sounds/IOWA/xylophone//Xylophone.ff.hardrubber.stereo.C8.aiff	-3488.69880311	3488.69880311	88	4186.00904481	697.310241699	0.574272096157	0.786360859871	
../sounds/IOWA/xylophone//Xylophone.ff.hardrubber.stereo.D5.aiff	41.9601980519	41.9601980519	54	587.329535835	629.289733887	0.869409263134	0.223454475403	
../sounds/IOWA/xylophone//Xylophone.ff.hardrubber.stereo.D6.aiff	-0.761244521193	0.761244521193	66	1174.65907167	1173.89782715	0.924732625484	0.164052501321	
../sounds/IOWA/xylophone//Xylophone.ff.hardrubber.stereo.D7.aiff	27.3949914264	27.3949914264	78	2349.31814334	2376.71313477	0.923400223255	0.38489729166	
../sounds/IOWA/xylophone//Xylophone.ff.hardrubber.stereo.Db5.aiff	33.8710051361	33.8710051361	53	554.365261954	588.23626709	0.870334029198	0.150454923511	
../sounds/IOWA/xylophone//Xylophone.ff.hardrubber.stereo.Db6.aiff	1.40045753782	1.40045753782	65	1108.73052391	1110.13098145	0.886135995388	0.173647776246	
../sounds/IOWA/xylophone//Xylophone.ff.hardrubber.stereo.Db7.aiff	67.6615107788	67.6615107788	77	2217.46104781	2285.12255859	0.85326641798	0.291044443846	
../sounds/IOWA/xylophone//Xylophone.ff.hardrubber.stereo.E5.aiff	-11.2982046461	11.2982046461	56	659.255113826	647.95690918	0.898103356361	0.126032933593	
../sounds/IOWA/xylophone//Xylophone.ff.hardrubber.stereo.E6.aiff	-650.731541128	650.731541128	68	1318.51022765	667.778686523	0.932639718056	0.152791380882	
../sounds/IOWA/xylophone//Xylophone.ff.hardrubber.stereo.Eb6.aiff	-618.392090162	618.392090162	67	1244.50793489	626.115844727	0.936835408211	0.124909557402	
../sounds/IOWA/xylophone//Xylophone.ff.hardrubber.stereo.Eb7.aiff	9.88476498898	9.88476498898	79	2489.01586978	2498.90063477	0.991314828396	0.213008821011	
../sounds/IOWA/xylophone//Xylophone.ff.hardrubber.stereo.F4.aiff	-232.116888049	232.116888049	45	349.228231433	117.111343384	0.673645734787	0.208727255464	
../sounds/IOWA/xylophone//Xylophone.ff.hardrubber.stereo.F5.aiff	-30.3113822996	30.3113822996	57	698.456462866	668.145080566	0.81318295002	0.257621854544	
../sounds/IOWA/xylophone//Xylophone.ff.hardrubber.stereo.F7.aiff	10.8228301766	10.8228301766	81	2793.82585146	2804.64868164	0.965554118156	0.406322211027	
../sounds/IOWA/xylophone//Xylophone.ff.hardrubber.stereo.G4.aiff	-10.8751051712	10.8751051712	47	391.995435982	381.120330811	0.773620963097	0.251381725073	
../sounds/IOWA/xylophone//Xylophone.ff.hardrubber.stereo.G5.aiff	-3.75564247131	3.75564247131	59	783.990871963	780.235229492	0.932872533798	0.104551017284	
../sounds/IOWA/xylophone//Xylophone.ff.hardrubber.stereo.G6.aiff	-770.267266388	770.267266388	71	1567.98174393	797.714477539	0.929238200188	0.134854152799	
../sounds/IOWA/xylophone//Xylophone.ff.hardrubber.stereo.Gb4.aiff	2215.95259877	2215.95259877	46	369.994422712	2585.94702148	0.793915569782	0.482257246971	
../sounds/IOWA/xylophone//Xylophone.ff.hardrubber.stereo.Gb5.aiff	-367.453383997	367.453383997	58	739.988845423	372.535461426	0.953574597836	0.0846413299441	
../sounds/IOWA/xylophone//Xylophone.ff.hardrubber.stereo.Gb6.aiff	19.43893513	19.43893513	70	1479.97769085	1499.41662598	0.960369825363	0.187753468752	
../sounds/IOWA/xylophone//Xylophone.ff.hardrubber.stereo.Gb7.aiff	19.9953019007	19.9953019007	82	2959.95538169	2979.95068359	0.983761012554	0.336523592472	
../sounds/IOWA/xylophone//Xylophone.ff.rosewood.stereo.A4.aiff	124.587402344	124.587402344	49	440.0	564.587402344	0.721152186394	0.388039618731	
../sounds/IOWA/xylophone//Xylophone.ff.rosewood.stereo.A5.aiff	67.2526245117	67.2526245117	61	880.0	947.252624512	0.799130141735	0.383918404579	
../sounds/IOWA/xylophone//Xylophone.ff.rosewood.stereo.A7.aiff	49.4196777344	49.4196777344	85	3520.0	3569.41967773	0.90858566761	0.387337177992	
../sounds/IOWA/xylophone//Xylophone.ff.rosewood.stereo.Ab4.aiff	975.388295584	975.388295584	48	415.30469758	1390.69299316	0.639221787453	0.440858453512	
../sounds/IOWA/xylophone//Xylophone.ff.rosewood.stereo.Ab6.aiff	62.5034997193	62.5034997193	72	1661.21879032	1723.72229004	0.588798999786	0.618978917599	
../sounds/IOWA/xylophone//Xylophone.ff.rosewood.stereo.Ab7.aiff	67.7413744386	67.7413744386	84	3322.43758064	3390.17895508	0.855668962002	0.610426604748	
../sounds/IOWA/xylophone//Xylophone.ff.rosewood.stereo.B4.aiff	2601.70703078	2601.70703078	51	493.883301256	3095.59033203	0.782997667789	0.408195585012	
../sounds/IOWA/xylophone//Xylophone.ff.rosewood.stereo.B5.aiff	64.9820547143	64.9820547143	63	987.766602512	1052.74865723	0.835146069527	0.524750232697	
../sounds/IOWA/xylophone//Xylophone.ff.rosewood.stereo.B6.aiff	-1305.5224018	1305.5224018	75	1975.53320502	670.010803223	0.757673680782	0.373259097338	
../sounds/IOWA/xylophone//Xylophone.ff.rosewood.stereo.B7.aiff	56.3974571385	56.3974571385	87	3951.06641005	4007.46386719	0.836346268654	0.504550218582	
../sounds/IOWA/xylophone//Xylophone.ff.rosewood.stereo.Bb6.aiff	-923.491532889	923.491532889	74	1864.65504607	941.163513184	0.901339590549	0.187284573913	
../sounds/IOWA/xylophone//Xylophone.ff.rosewood.stereo.C5.aiff	1194.2936692	1194.2936692	52	523.251130601	1717.5447998	0.789555907249	0.548551082611	
../sounds/IOWA/xylophone//Xylophone.ff.rosewood.stereo.C7.aiff	24.0696963452	24.0696963452	76	2093.0045224	2117.07421875	0.883779406548	0.23055562377	
../sounds/IOWA/xylophone//Xylophone.ff.rosewood.stereo.C8.aiff	19.4177130029	19.4177130029	88	4186.00904481	4205.42675781	0.815918207169	0.720196068287	
../sounds/IOWA/xylophone//Xylophone.ff.rosewood.stereo.D5.aiff	3231.39434112	3231.39434112	54	587.329535835	3818.72387695	0.882764816284	0.467867285013	
../sounds/IOWA/xylophone//Xylophone.ff.rosewood.stereo.D6.aiff	-82.1098773337	82.1098773337	66	1174.65907167	1092.54919434	0.822972655296	0.449268519878	
../sounds/IOWA/xylophone//Xylophone.ff.rosewood.stereo.D7.aiff	19.4262414264	19.4262414264	78	2349.31814334	2368.74438477	0.761124074459	0.543786644936	
../sounds/IOWA/xylophone//Xylophone.ff.rosewood.stereo.Db5.aiff	3109.03341969	3109.03341969	53	554.365261954	3663.39868164	0.785360455513	0.346264928579	
../sounds/IOWA/xylophone//Xylophone.ff.rosewood.stereo.Db6.aiff	-16.7932680481	16.7932680481	65	1108.73052391	1091.93725586	0.804267525673	0.293805360794	
../sounds/IOWA/xylophone//Xylophone.ff.rosewood.stereo.E5.aiff	-15.21574615	15.21574615	56	659.255113826	644.039367676	0.57018750906	0.448205530643	
../sounds/IOWA/xylophone//Xylophone.ff.rosewood.stereo.E7.aiff	-2105.36286253	2105.36286253	80	2637.0204553	531.657592773	0.773339807987	0.396310210228	
../sounds/IOWA/xylophone//Xylophone.ff.rosewood.stereo.Eb5.aiff	6.22460921599	6.22460921599	55	622.253967444	628.47857666	0.844529867172	0.344278156757	
../sounds/IOWA/xylophone//Xylophone.ff.rosewood.stereo.Eb6.aiff	-610.128113111	610.128113111	67	1244.50793489	634.379821777	0.7939016819	0.295075833797	
../sounds/IOWA/xylophone//Xylophone.ff.rosewood.stereo.F4.aiff	36.4728794068	36.4728794068	45	349.228231433	385.70111084	0.412374079227	0.409957766533	
../sounds/IOWA/xylophone//Xylophone.ff.rosewood.stereo.F5.aiff	3373.74031448	3373.74031448	57	698.456462866	4072.19677734	0.843457639217	0.521728754044	
../sounds/IOWA/xylophone//Xylophone.ff.rosewood.stereo.F6.aiff	-60.2393417476	60.2393417476	69	1396.91292573	1336.67358398	0.769703090191	0.422320753336	
../sounds/IOWA/xylophone//Xylophone.ff.rosewood.stereo.F7.aiff	-1858.79075625	1858.79075625	81	2793.82585146	935.035095215	0.910850465298	0.362088292837	
../sounds/IOWA/xylophone//Xylophone.ff.rosewood.stereo.G4.aiff	-3.74641254425	3.74641254425	47	391.995435982	388.249023438	0.385102272034	0.424219191074	
../sounds/IOWA/xylophone//Xylophone.ff.rosewood.stereo.G5.aiff	-22.4819608307	22.4819608307	59	783.990871963	761.508911133	0.766224265099	0.376095861197	
../sounds/IOWA/xylophone//Xylophone.ff.rosewood.stereo.G6.aiff	-744.493706818	744.493706818	71	1567.98174393	823.488037109	0.722738385201	0.396444559097	
../sounds/IOWA/xylophone//Xylophone.ff.rosewood.stereo.Gb4.aiff	2320.28853627	2320.28853627	46	369.994422712	2690.28295898	0.65091407299	0.453906565905	
../sounds/IOWA/xylophone//Xylophone.ff.rosewood.stereo.Gb5.aiff	-364.567061976	364.567061976	58	739.988845423	375.421783447	0.684033930302	0.239022016525	
../sounds/IOWA/xylophone//Xylophone.ff.rosewood.stereo.Gb6.aiff	-732.019438893	732.019438893	70	1479.97769085	747.958251953	0.821983575821	0.279493898153	
../sounds/IOWA/xylophone//Xylophone.ff.rosewood.stereo.Gb7.aiff	-1469.62444908	1469.62444908	82	2959.95538169	1490.33093262	0.964686870575	0.288679122925	
