../sounds/IOWA/marimba//Marimba.ff.rubber.stereo.A2.aiff	-54.3566169739	54.3566169739	25	110.0	55.6433830261	0.653541326523	0.270003378391	
../sounds/IOWA/marimba//Marimba.ff.rubber.stereo.A3.aiff	0.264831542969	0.264831542969	37	220.0	220.264831543	0.96652162075	0.0806680843234	
../sounds/IOWA/marimba//Marimba.ff.rubber.stereo.A4.aiff	3.03833007812	3.03833007812	49	440.0	443.038330078	0.995767533779	0.0287760011852	
../sounds/IOWA/marimba//Marimba.ff.rubber.stereo.A6.aiff	31.2875976562	31.2875976562	73	1760.0	1791.28759766	0.972544908524	0.330381065607	
../sounds/IOWA/marimba//Marimba.ff.rubber.stereo.Ab3.aiff	1.45432540436	1.45432540436	36	207.65234879	209.106674194	0.946580290794	0.120695486665	
../sounds/IOWA/marimba//Marimba.ff.rubber.stereo.Ab4.aiff	1.4921163849	1.4921163849	48	415.30469758	416.796813965	0.99670279026	0.0155634097755	
../sounds/IOWA/marimba//Marimba.ff.rubber.stereo.B2.aiff	1.05023944427	1.05023944427	27	123.470825314	124.521064758	0.850658774376	0.256303191185	
../sounds/IOWA/marimba//Marimba.ff.rubber.stereo.B3.aiff	-2.2079164972	2.2079164972	39	246.941650628	244.733734131	0.963485181332	0.112957619131	
../sounds/IOWA/marimba//Marimba.ff.rubber.stereo.B4.aiff	4.34924268919	4.34924268919	51	493.883301256	498.232543945	0.988660752773	0.0979783162475	
../sounds/IOWA/marimba//Marimba.ff.rubber.stereo.B5.aiff	22.6594839135	22.6594839135	63	987.766602512	1010.42608643	0.930483520031	0.440139830112	
../sounds/IOWA/marimba//Marimba.ff.rubber.stereo.B6.aiff	35.3813457568	35.3813457568	75	1975.53320502	2010.91455078	0.937501966953	0.485421776772	
../sounds/IOWA/marimba//Marimba.ff.rubber.stereo.Bb2.aiff	0.894316578485	0.894316578485	26	116.54094038	117.435256958	0.762391746044	0.164647087455	
../sounds/IOWA/marimba//Marimba.ff.rubber.stereo.Bb3.aiff	2.79343967553	2.79343967553	38	233.081880759	235.875320435	0.946235120296	0.102352127433	
../sounds/IOWA/marimba//Marimba.ff.rubber.stereo.Bb4.aiff	2.56539497605	2.56539497605	50	466.163761518	468.729156494	0.985408008099	0.154025241733	
../sounds/IOWA/marimba//Marimba.ff.rubber.stereo.C2.aiff	632.285686312	632.285686312	16	65.4063913251	697.692077637	0.570324540138	0.200699582696	
../sounds/IOWA/marimba//Marimba.ff.rubber.stereo.C4.aiff	0.794722785339	0.794722785339	40	261.625565301	262.420288086	0.978464126587	0.084465071559	
../sounds/IOWA/marimba//Marimba.ff.rubber.stereo.C5.aiff	4.68765113708	4.68765113708	52	523.251130601	527.938781738	0.979361414909	0.0607943348587	
../sounds/IOWA/marimba//Marimba.ff.rubber.stereo.C6.aiff	11.0475434851	11.0475434851	64	1046.5022612	1057.54980469	0.987539589405	0.149696603417	
../sounds/IOWA/marimba//Marimba.ff.rubber.stereo.C7.aiff	27.8345889233	27.8345889233	76	2093.0045224	2120.83911133	0.992174446583	0.125917747617	
../sounds/IOWA/marimba//Marimba.ff.rubber.stereo.D2.aiff	666.834601478	666.834601478	18	73.4161919794	740.250793457	0.940643906593	0.40843591094	
../sounds/IOWA/marimba//Marimba.ff.rubber.stereo.D3.aiff	1349.7623426	1349.7623426	30	146.832383959	1496.59472656	0.889513254166	0.292712211609	
../sounds/IOWA/marimba//Marimba.ff.rubber.stereo.D4.aiff	0.0618861353268	0.0618861353268	42	293.664767917	293.726654053	0.98655962944	0.0379352085292	
../sounds/IOWA/marimba//Marimba.ff.rubber.stereo.D5.aiff	6.29332793472	6.29332793472	54	587.329535835	593.62286377	0.968248009682	0.0723348483443	
../sounds/IOWA/marimba//Marimba.ff.rubber.stereo.D6.aiff	12.4234478616	12.4234478616	66	1174.65907167	1187.08251953	0.986040771008	0.167862728238	
../sounds/IOWA/marimba//Marimba.ff.rubber.stereo.Db3.aiff	1.19681622543	1.19681622543	29	138.591315488	139.788131714	0.937685728073	0.213890150189	
../sounds/IOWA/marimba//Marimba.ff.rubber.stereo.Db4.aiff	2.02308801727	2.02308801727	41	277.182630977	279.205718994	0.987692713737	0.0366438478231	
../sounds/IOWA/marimba//Marimba.ff.rubber.stereo.Db5.aiff	5.46127613219	5.46127613219	53	554.365261954	559.826538086	0.990203201771	0.0264704823494	
../sounds/IOWA/marimba//Marimba.ff.rubber.stereo.Db6.aiff	10.9404966003	10.9404966003	65	1108.73052391	1119.67102051	0.988522529602	0.129787936807	
../sounds/IOWA/marimba//Marimba.ff.rubber.stereo.E2.aiff	736.510591241	736.510591241	20	82.4068892282	818.917480469	0.912936329842	0.370117664337	
../sounds/IOWA/marimba//Marimba.ff.rubber.stereo.E3.aiff	0.83262962462	0.83262962462	32	164.813778456	165.646408081	0.917652606964	0.263640135527	
../sounds/IOWA/marimba//Marimba.ff.rubber.stereo.E4.aiff	-163.583291166	163.583291166	44	329.627556913	166.044265747	0.971517980099	0.0550436116755	
../sounds/IOWA/marimba//Marimba.ff.rubber.stereo.E5.aiff	-3.73027251715	3.73027251715	56	659.255113826	655.524841309	0.928982317448	0.239895120263	
../sounds/IOWA/marimba//Marimba.ff.rubber.stereo.Eb3.aiff	0.381637533491	0.381637533491	31	155.563491861	155.945129395	0.797851681709	0.146944597363	
../sounds/IOWA/marimba//Marimba.ff.rubber.stereo.Eb4.aiff	1.92944327987	1.92944327987	43	311.126983722	313.056427002	0.970515966415	0.118697278202	
../sounds/IOWA/marimba//Marimba.ff.rubber.stereo.Eb5.aiff	4.53698714568	4.53698714568	55	622.253967444	626.79095459	0.978989720345	0.0760206952691	
../sounds/IOWA/marimba//Marimba.ff.rubber.stereo.F2.aiff	773.211557864	773.211557864	21	87.3070578583	860.518615723	0.883994460106	0.370969742537	
../sounds/IOWA/marimba//Marimba.ff.rubber.stereo.F3.aiff	1.36868762822	1.36868762822	33	174.614115717	175.982803345	0.904386758804	0.191440030932	
../sounds/IOWA/marimba//Marimba.ff.rubber.stereo.F5.aiff	5.4274482668	5.4274482668	57	698.456462866	703.883911133	0.991021037102	0.0705936476588	
../sounds/IOWA/marimba//Marimba.ff.rubber.stereo.G3.aiff	1.07190786362	1.07190786362	35	195.997717991	197.069625854	0.937321960926	0.168534398079	
../sounds/IOWA/marimba//Marimba.ff.rubber.stereo.G5.aiff	2.33267539978	2.33267539978	59	783.990871963	786.323547363	0.980757176876	0.123614624143	
../sounds/IOWA/marimba//Marimba.ff.rubber.stereo.G6.aiff	7.97687423707	7.97687423707	71	1567.98174393	1575.95861816	0.949243843555	0.379378408194	
../sounds/IOWA/marimba//Marimba.ff.rubber.stereo.Gb2.aiff	850.985281041	850.985281041	22	92.4986056779	943.483886719	0.897503197193	0.320162773132	
../sounds/IOWA/marimba//Marimba.ff.rubber.stereo.Gb3.aiff	1.91430292641	1.91430292641	34	184.997211356	186.911514282	0.954000115395	0.117325983942	
../sounds/IOWA/marimba//Marimba.ff.rubber.stereo.Gb5.aiff	2.16081277986	2.16081277986	58	739.988845423	742.149658203	0.987972140312	0.0813187509775	
../sounds/IOWA/marimba//Marimba.ff.rubber.stereo.Gb6.aiff	12.7658394269	12.7658394269	70	1479.97769085	1492.74353027	0.988875567913	0.200830236077	
