name,err,absErr,midinote,pTag,pEst,confidence,salience
../sounds/philharmonia/guitar//guitar_A2_very-long_forte_normal.mp3	0.114852905273	0.114852905273	25	110.0	110.114852905	0.984556794167	0.525633811951	
../sounds/philharmonia/guitar//guitar_A2_very-long_piano_normal.mp3	0.0018310546875	0.0018310546875	25	110.0	110.001831055	0.988417088985	0.274459213018	
../sounds/philharmonia/guitar//guitar_A3_very-long_forte_harmonics.mp3	-110.031204224	110.031204224	37	220.0	109.968795776	0.984755337238	0.378260791302	
../sounds/philharmonia/guitar//guitar_A3_very-long_forte_normal.mp3	1.93064880371	1.93064880371	37	220.0	221.930648804	0.994729161263	0.458391994238	
../sounds/philharmonia/guitar//guitar_A3_very-long_pianissimo_harmonics.mp3	-110.054489136	110.054489136	37	220.0	109.945510864	0.976407408714	0.208649173379	
../sounds/philharmonia/guitar//guitar_A3_very-long_piano_harmonics.mp3	0.392349243164	0.392349243164	37	220.0	220.392349243	0.975559353828	0.235433056951	
../sounds/philharmonia/guitar//guitar_A3_very-long_piano_normal.mp3	2.23249816895	2.23249816895	37	220.0	222.232498169	0.994836032391	0.262225866318	
../sounds/philharmonia/guitar//guitar_A4_very-long_forte_harmonics.mp3	-330.040618896	330.040618896	49	440.0	109.959381104	0.977378845215	0.313263595104	
../sounds/philharmonia/guitar//guitar_A4_very-long_forte_normal.mp3	2.66952514648	2.66952514648	49	440.0	442.669525146	0.989951074123	0.229410871863	
../sounds/philharmonia/guitar//guitar_A4_very-long_piano_harmonics.mp3	-329.860687256	329.860687256	49	440.0	110.139312744	0.924244821072	0.188280344009	
../sounds/philharmonia/guitar//guitar_A4_very-long_piano_normal.mp3	1.99230957031	1.99230957031	49	440.0	441.99230957	0.997250199318	0.286321401596	
../sounds/philharmonia/guitar//guitar_As2_very-long_forte_normal.mp3	0.221297169306	0.221297169306	26	116.54094038	116.762237549	0.991673350334	0.510498523712	
../sounds/philharmonia/guitar//guitar_As2_very-long_piano_normal.mp3	-0.0646525377256	0.0646525377256	26	116.54094038	116.476287842	0.991316199303	0.300219833851	
../sounds/philharmonia/guitar//guitar_As3_very-long_forte_normal.mp3	2.05119114037	2.05119114037	38	233.081880759	235.133071899	0.988716006279	0.316028207541	
../sounds/philharmonia/guitar//guitar_As3_very-long_piano_normal.mp3	1.2586038601	1.2586038601	38	233.081880759	234.340484619	0.992606282234	0.298496067524	
../sounds/philharmonia/guitar//guitar_As4_very-long_forte_normal.mp3	3.56335029832	3.56335029832	50	466.163761518	469.727111816	0.977624237537	0.318708926439	
../sounds/philharmonia/guitar//guitar_As4_very-long_piano_normal.mp3	1.28258857957	1.28258857957	50	466.163761518	467.446350098	0.992861032486	0.320535451174	
../sounds/philharmonia/guitar//guitar_B2_very-long_forte_normal.mp3	0.096084476008	0.096084476008	27	123.470825314	123.56690979	0.988386392593	0.612608373165	
../sounds/philharmonia/guitar//guitar_B2_very-long_piano_normal.mp3	-0.0857468838553	0.0857468838553	27	123.470825314	123.38507843	0.992632329464	0.297548115253	
../sounds/philharmonia/guitar//guitar_B3_very-long_forte_normal.mp3	2.45877051452	2.45877051452	39	246.941650628	249.400421143	0.992256045341	0.257741600275	
../sounds/philharmonia/guitar//guitar_B3_very-long_piano_harmonics.mp3	0.602187872914	0.602187872914	39	246.941650628	247.543838501	0.920969188213	0.291445344687	
../sounds/philharmonia/guitar//guitar_B3_very-long_piano_normal.mp3	1.81483435729	1.81483435729	39	246.941650628	248.756484985	0.995605289936	0.265897721052	
../sounds/philharmonia/guitar//guitar_B4_very-long_forte_harmonics.mp3	-246.279816149	246.279816149	51	493.883301256	247.603485107	0.963268041611	0.266046673059	
../sounds/philharmonia/guitar//guitar_B4_very-long_forte_normal.mp3	3.54193067747	3.54193067747	51	493.883301256	497.425231934	0.972827136517	0.347115814686	
../sounds/philharmonia/guitar//guitar_B4_very-long_pianissimo_harmonics.mp3	-246.994583605	246.994583605	51	493.883301256	246.888717651	0.943364083767	0.121677361429	
../sounds/philharmonia/guitar//guitar_B4_very-long_piano_normal.mp3	0.913726331766	0.913726331766	51	493.883301256	494.797027588	0.992020368576	0.313349276781	
../sounds/philharmonia/guitar//guitar_B5_very-long_forte_harmonics.mp3	-740.39755344	740.39755344	63	987.766602512	247.369049072	0.744526743889	0.160733193159	
../sounds/philharmonia/guitar//guitar_B5_very-long_piano_harmonics.mp3	-739.905106541	739.905106541	63	987.766602512	247.861495972	0.637732982635	0.0710425078869	
../sounds/philharmonia/guitar//guitar_C3_very-long_forte_normal.mp3	0.297645206146	0.297645206146	28	130.81278265	131.110427856	0.974100589752	0.526398956776	
../sounds/philharmonia/guitar//guitar_C3_very-long_piano_normal.mp3	-0.141182308502	0.141182308502	28	130.81278265	130.671600342	0.987900853157	0.192641884089	
../sounds/philharmonia/guitar//guitar_C4_very-long_forte_normal.mp3	2.64350818573	2.64350818573	40	261.625565301	264.269073486	0.985454261303	0.39724740386	
../sounds/philharmonia/guitar//guitar_C4_very-long_piano_harmonics.mp3	-0.274277458802	0.274277458802	40	261.625565301	261.351287842	0.912475824356	0.123123928905	
../sounds/philharmonia/guitar//guitar_C5_very-long_piano_harmonics.mp3	2.72341773865	2.72341773865	52	523.251130601	525.97454834	0.980026423931	0.208337783813	
../sounds/philharmonia/guitar//guitar_C6_very-long_piano_normal.mp3	8.56170364136	8.56170364136	64	1046.5022612	1055.06396484	0.997900307178	0.386099517345	
../sounds/philharmonia/guitar//guitar_Cs3_very-long_forte_normal.mp3	0.132973451994	0.132973451994	29	138.591315488	138.72428894	0.978235840797	0.537590801716	
../sounds/philharmonia/guitar//guitar_Cs3_very-long_piano_normal.mp3	-0.125571469881	0.125571469881	29	138.591315488	138.465744019	0.99077630043	0.234319970012	
../sounds/philharmonia/guitar//guitar_Cs4_very-long_forte_normal.mp3	2.77864221649	2.77864221649	41	277.182630977	279.961273193	0.986528635025	0.433779209852	
../sounds/philharmonia/guitar//guitar_D3_very-long_forte_normal.mp3	0.216276319617	0.216276319617	30	146.832383959	147.048660278	0.991882860661	0.540707945824	
../sounds/philharmonia/guitar//guitar_D3_very-long_piano_normal.mp3	0.0214826184447	0.0214826184447	30	146.832383959	146.853866577	0.991238296032	0.314942926168	
../sounds/philharmonia/guitar//guitar_D4_very-long_forte_harmonics.mp3	-0.273532565845	0.273532565845	42	293.664767917	293.391235352	0.950793385506	0.337227255106	
../sounds/philharmonia/guitar//guitar_D4_very-long_forte_normal.mp3	2.71615249275	2.71615249275	42	293.664767917	296.38092041	0.990099072456	0.276486068964	
../sounds/philharmonia/guitar//guitar_D4_very-long_pianissimo_harmonics.mp3	-0.157199558033	0.157199558033	42	293.664767917	293.507568359	0.965331077576	0.17190875113	
../sounds/philharmonia/guitar//guitar_D4_very-long_piano_normal.mp3	1.52672988533	1.52672988533	42	293.664767917	295.191497803	0.996105730534	0.309585571289	
../sounds/philharmonia/guitar//guitar_D5_very-long_forte_harmonics.mp3	-440.467597358	440.467597358	54	587.329535835	146.861938477	0.936603069305	0.238057777286	
../sounds/philharmonia/guitar//guitar_D5_very-long_forte_normal.mp3	-0.797004096534	0.797004096534	54	587.329535835	586.532531738	0.991148591042	0.314376264811	
../sounds/philharmonia/guitar//guitar_D5_very-long_piano_harmonics.mp3	-293.115058296	293.115058296	54	587.329535835	294.214477539	0.804114758968	0.0804034620523	
../sounds/philharmonia/guitar//guitar_D5_very-long_piano_normal.mp3	-0.540534369971	0.540534369971	54	587.329535835	586.789001465	0.997205674648	0.376091957092	
../sounds/philharmonia/guitar//guitar_Ds3_very-long_forte_normal.mp3	0.412841757124	0.412841757124	31	155.563491861	155.976333618	0.993285953999	0.398694008589	
../sounds/philharmonia/guitar//guitar_Ds3_very-long_piano_normal.mp3	-0.00433353584515	0.00433353584515	31	155.563491861	155.559158325	0.992471039295	0.301836371422	
../sounds/philharmonia/guitar//guitar_Ds4_very-long_forte_normal.mp3	2.37902824081	2.37902824081	43	311.126983722	313.506011963	0.992004275322	0.255550742149	
../sounds/philharmonia/guitar//guitar_Ds4_very-long_piano_harmonics.mp3	-207.47680672	207.47680672	43	311.126983722	103.650177002	0.959813058376	0.215834230185	
../sounds/philharmonia/guitar//guitar_Ds4_very-long_piano_normal.mp3	1.37420646347	1.37420646347	43	311.126983722	312.501190186	0.996681809425	0.293439805508	
../sounds/philharmonia/guitar//guitar_Ds5_very-long_forte_normal.mp3	-0.268005530099	0.268005530099	55	622.253967444	621.985961914	0.923145413399	0.31755566597	
../sounds/philharmonia/guitar//guitar_Ds5_very-long_piano_normal.mp3	0.258422692557	0.258422692557	55	622.253967444	622.512390137	0.980596840382	0.273298829794	
../sounds/philharmonia/guitar//guitar_E2_very-long_forte_normal.mp3	0.514924736626	0.514924736626	20	82.4068892282	82.9218139648	0.982025384903	0.213049262762	
../sounds/philharmonia/guitar//guitar_E2_very-long_piano_normal.mp3	0.223024101861	0.223024101861	20	82.4068892282	82.6299133301	0.980631828308	0.269583135843	
../sounds/philharmonia/guitar//guitar_E3_very-long_forte_harmonics.mp3	-82.212536391	82.212536391	32	164.813778456	82.6012420654	0.94190376997	0.382862001657	
../sounds/philharmonia/guitar//guitar_E3_very-long_forte_normal.mp3	0.543368760362	0.543368760362	32	164.813778456	165.357147217	0.981938540936	0.399311095476	
../sounds/philharmonia/guitar//guitar_E3_very-long_pianissimo_harmonics.mp3	-82.2101941669	82.2101941669	32	164.813778456	82.6035842896	0.940181076527	0.198603838682	
../sounds/philharmonia/guitar//guitar_E3_very-long_piano_normal.mp3	-0.0306058490131	0.0306058490131	32	164.813778456	164.783172607	0.983652830124	0.25373762846	
../sounds/philharmonia/guitar//guitar_E4_very-long_forte_harmonics.mp3	-247.001679532	247.001679532	44	329.627556913	82.6258773804	0.928064227104	0.281980752945	
../sounds/philharmonia/guitar//guitar_E4_very-long_forte_normal.mp3	0.85291183713	0.85291183713	44	329.627556913	330.48046875	0.980441987514	0.332974225283	
../sounds/philharmonia/guitar//guitar_E4_very-long_piano_harmonics.mp3	-219.405343168	219.405343168	44	329.627556913	110.222213745	0.923825740814	0.207478433847	
../sounds/philharmonia/guitar//guitar_E4_very-long_piano_normal.mp3	0.607092745333	0.607092745333	44	329.627556913	330.234649658	0.994958281517	0.287584513426	
../sounds/philharmonia/guitar//guitar_E5_very-long_forte_harmonics.mp3	-549.214983211	549.214983211	56	659.255113826	110.040130615	0.734728693962	0.222152173519	
../sounds/philharmonia/guitar//guitar_E5_very-long_forte_normal.mp3	4.5045907641	4.5045907641	56	659.255113826	663.75970459	0.9644728899	0.40967464447	
../sounds/philharmonia/guitar//guitar_E5_very-long_pianissimo_harmonics.mp3	-549.22519897	549.22519897	56	659.255113826	110.029914856	0.757396221161	0.044907681644	
../sounds/philharmonia/guitar//guitar_E5_very-long_piano_harmonics.mp3	-364.628832087	364.628832087	56	659.255113826	294.626281738	0.90647482872	0.211125418544	
../sounds/philharmonia/guitar//guitar_E5_very-long_piano_normal.mp3	1.4323251391	1.4323251391	56	659.255113826	660.687438965	0.989819645882	0.325246095657	
../sounds/philharmonia/guitar//guitar_E6_very-long_forte_harmonics.mp3	-1208.38760802	1208.38760802	68	1318.51022765	110.122619629	0.643986940384	0.217396557331	
../sounds/philharmonia/guitar//guitar_E6_very-long_piano_harmonics.mp3	-1129.82234618	1129.82234618	68	1318.51022765	188.68788147	0.697903871536	0.109738193452	
../sounds/philharmonia/guitar//guitar_F2_very-long_forte_normal.mp3	0.352419375636	0.352419375636	21	87.3070578583	87.6594772339	0.98369705677	0.400834023952	
../sounds/philharmonia/guitar//guitar_F2_very-long_piano_normal.mp3	0.21099328921	0.21099328921	21	87.3070578583	87.5180511475	0.984788477421	0.290025234222	
../sounds/philharmonia/guitar//guitar_F3_very-long_forte_normal.mp3	0.410954473928	0.410954473928	33	174.614115717	175.02507019	0.99539399147	0.354238241911	
../sounds/philharmonia/guitar//guitar_F3_very-long_piano_normal.mp3	-0.0548505797832	0.0548505797832	33	174.614115717	174.559265137	0.988575875759	0.233302518725	
../sounds/philharmonia/guitar//guitar_F4_very-long_forte_normal.mp3	2.67231177989	2.67231177989	45	349.228231433	351.900543213	0.985144019127	0.292980074883	
../sounds/philharmonia/guitar//guitar_F4_very-long_piano_harmonics.mp3	-0.334554675191	0.334554675191	45	349.228231433	348.893676758	0.975069105625	0.236988648772	
../sounds/philharmonia/guitar//guitar_F4_very-long_piano_normal.mp3	1.73914527598	1.73914527598	45	349.228231433	350.967376709	0.995759427547	0.259092926979	
../sounds/philharmonia/guitar//guitar_Fs2_very-long_forte_normal.mp3	0.649404575998	0.649404575998	22	92.4986056779	93.1480102539	0.959418714046	0.368055671453	
../sounds/philharmonia/guitar//guitar_Fs2_very-long_piano_normal.mp3	0.260419895822	0.260419895822	22	92.4986056779	92.7590255737	0.943339884281	0.225026592612	
../sounds/philharmonia/guitar//guitar_Fs3_very-long_forte_normal.mp3	0.427196603167	0.427196603167	34	184.997211356	185.424407959	0.988197267056	0.327516198158	
../sounds/philharmonia/guitar//guitar_Fs3_very-long_piano_normal.mp3	-0.056980032575	0.056980032575	34	184.997211356	184.940231323	0.980451405048	0.256502240896	
../sounds/philharmonia/guitar//guitar_Fs4_very-long_forte_normal.mp3	2.01519032547	2.01519032547	46	369.994422712	372.009613037	0.985264897346	0.280758827925	
../sounds/philharmonia/guitar//guitar_Fs4_very-long_piano_harmonics.mp3	-0.0761793034313	0.0761793034313	46	369.994422712	369.918243408	0.98551350832	0.198888510466	
../sounds/philharmonia/guitar//guitar_Fs4_very-long_piano_normal.mp3	1.49886342118	1.49886342118	46	369.994422712	371.493286133	0.996020317078	0.298232197762	
../sounds/philharmonia/guitar//guitar_Fs5_very-long_piano_harmonics.mp3	-492.497176722	492.497176722	58	739.988845423	247.491668701	0.552642941475	0.0936309248209	
../sounds/philharmonia/guitar//guitar_G2_very-long_forte_normal.mp3	0.753651075363	0.753651075363	23	97.9988589954	98.7525100708	0.971791088581	0.356746315956	
../sounds/philharmonia/guitar//guitar_G2_very-long_piano_normal.mp3	0.258282117844	0.258282117844	23	97.9988589954	98.2571411133	0.991346418858	0.303104072809	
../sounds/philharmonia/guitar//guitar_G3_very-long_forte_normal.mp3	1.55986867905	1.55986867905	35	195.997717991	197.55758667	0.978366017342	0.437424182892	
../sounds/philharmonia/guitar//guitar_G3_very-long_piano_harmonics.mp3	1.13622365952	1.13622365952	35	195.997717991	197.13394165	0.936076164246	0.157997786999	
../sounds/philharmonia/guitar//guitar_G3_very-long_piano_normal.mp3	1.09334646225	1.09334646225	35	195.997717991	197.091064453	0.986333787441	0.353013008833	
../sounds/philharmonia/guitar//guitar_G4_very-long_forte_harmonics.mp3	-195.638273506	195.638273506	47	391.995435982	196.357162476	0.934956073761	0.281496405602	
../sounds/philharmonia/guitar//guitar_G4_very-long_forte_normal.mp3	2.54408428192	2.54408428192	47	391.995435982	394.539520264	0.955580413342	0.335131168365	
../sounds/philharmonia/guitar//guitar_G4_very-long_pianissimo_harmonics.mp3	-195.866285591	195.866285591	47	391.995435982	196.129150391	0.978671014309	0.262570619583	
../sounds/philharmonia/guitar//guitar_G4_very-long_piano_harmonics.mp3	-195.178083687	195.178083687	47	391.995435982	196.817352295	0.967876732349	0.159785032272	
../sounds/philharmonia/guitar//guitar_G4_very-long_piano_normal.mp3	1.70768901825	1.70768901825	47	391.995435982	393.703125	0.984165787697	0.327117741108	
../sounds/philharmonia/guitar//guitar_G5_very-long_forte_harmonics.mp3	-522.107082901	522.107082901	59	783.990871963	261.883789062	0.500106275082	0.212116673589	
../sounds/philharmonia/guitar//guitar_G5_very-long_forte_normal.mp3	5.92624229431	5.92624229431	59	783.990871963	789.917114258	0.965204715729	0.304480582476	
../sounds/philharmonia/guitar//guitar_G5_very-long_piano_harmonics.mp3	-521.49230629	521.49230629	59	783.990871963	262.498565674	0.627729177475	0.0319754891098	
../sounds/philharmonia/guitar//guitar_Gs2_very-long_forte_normal.mp3	0.566983563998	0.566983563998	24	103.826174395	104.393157959	0.978803694248	0.440156459808	
../sounds/philharmonia/guitar//guitar_Gs2_very-long_piano_normal.mp3	0.137830121615	0.137830121615	24	103.826174395	103.964004517	0.990937948227	0.314692229033	
../sounds/philharmonia/guitar//guitar_Gs3_very-long_forte_normal.mp3	2.52631637116	2.52631637116	36	207.65234879	210.178665161	0.986829459667	0.459910333157	
../sounds/philharmonia/guitar//guitar_Gs3_very-long_piano_normal.mp3	2.12259933014	2.12259933014	36	207.65234879	209.77494812	0.987277150154	0.354114443064	
../sounds/philharmonia/guitar//guitar_Gs4_very-long_forte_normal.mp3	3.03441374818	3.03441374818	48	415.30469758	418.339111328	0.98504525423	0.261223435402	
../sounds/philharmonia/guitar//guitar_Gs4_very-long_piano_normal.mp3	2.05745451966	2.05745451966	48	415.30469758	417.3621521	0.99393594265	0.360813230276	
../sounds/philharmonia/guitar//guitar_Gs5_very-long_forte_normal.mp3	16.1495159729	16.1495159729	60	830.60939516	846.758911133	0.947569489479	0.317473709583	
