name,err,absErr,midinote,pTag,pEst,confidence,salience
../sounds/IOWA/cello//Cello.ff.arco.sulA.stereo.A3.aiff	14.6316373291	14.6316373291	37	220.0	234.631637329	0.877524222851	0.506066328458	
../sounds/IOWA/cello//Cello.ff.arco.sulA.stereo.A4.aiff	4.63801872912	4.63801872912	49	440.0	444.638018729	0.940340292333	0.463286793569	
../sounds/IOWA/cello//Cello.ff.arco.sulA.stereo.A5.aiff	-85.5859786852	85.5859786852	61	880.0	794.414021315	0.885848878232	0.340448281349	
../sounds/IOWA/cello//Cello.ff.arco.sulA.stereo.Ab4.aiff	-16.5624483861	16.5624483861	48	415.30469758	398.742249194	0.911077221521	0.369883630324	
../sounds/IOWA/cello//Cello.ff.arco.sulA.stereo.Ab5.aiff	-124.040357954	124.040357954	60	830.60939516	706.569037206	0.853599345221	0.622270284347	
../sounds/IOWA/cello//Cello.ff.arco.sulA.stereo.B3.aiff	36.1511294068	36.1511294068	39	246.941650628	283.092780035	0.871914793328	0.616230197647	
../sounds/IOWA/cello//Cello.ff.arco.sulA.stereo.B4.aiff	-23.1365158906	23.1365158906	51	493.883301256	470.746785366	0.899212590626	0.547850334538	
../sounds/IOWA/cello//Cello.ff.arco.sulA.stereo.Bb3.aiff	19.4548592222	19.4548592222	38	233.081880759	252.536739981	0.848104264473	0.498271141875	
../sounds/IOWA/cello//Cello.ff.arco.sulA.stereo.Bb4.aiff	-36.8711918613	36.8711918613	50	466.163761518	429.292569657	0.814305731776	0.41296121148	
../sounds/IOWA/cello//Cello.ff.arco.sulA.stereo.C4.aiff	0.0987759256817	0.0987759256817	40	261.625565301	261.724341226	0.871896001724	0.332464778334	
../sounds/IOWA/cello//Cello.ff.arco.sulA.stereo.C5.aiff	-27.1025906824	27.1025906824	52	523.251130601	496.148539919	0.895511437998	0.513210328014	
../sounds/IOWA/cello//Cello.ff.arco.sulA.stereo.D4.aiff	-3.74133539987	3.74133539987	42	293.664767917	289.923432518	0.918046440884	0.342726611566	
../sounds/IOWA/cello//Cello.ff.arco.sulA.stereo.D5.aiff	-92.4835335104	92.4835335104	54	587.329535835	494.846002324	0.789062093033	0.377368087084	
../sounds/IOWA/cello//Cello.ff.arco.sulA.stereo.Db4.aiff	-8.63928563273	8.63928563273	41	277.182630977	268.543345344	0.907374204616	0.468581922848	
../sounds/IOWA/cello//Cello.ff.arco.sulA.stereo.Db5.aiff	-37.6158609937	37.6158609937	53	554.365261954	516.74940096	0.854310896248	0.511426579673	
../sounds/IOWA/cello//Cello.ff.arco.sulA.stereo.E4.aiff	7.371448242	7.371448242	44	329.627556913	336.999005155	0.860674251144	0.555414869246	
../sounds/IOWA/cello//Cello.ff.arco.sulA.stereo.E5.aiff	-68.9702824421	68.9702824421	56	659.255113826	590.284831384	0.831395390717	0.359645194812	
../sounds/IOWA/cello//Cello.ff.arco.sulA.stereo.Eb4.aiff	12.6757433743	12.6757433743	43	311.126983722	323.802727096	0.835208254299	0.277251338479	
../sounds/IOWA/cello//Cello.ff.arco.sulA.stereo.Eb5.aiff	-69.9659585953	69.9659585953	55	622.253967444	552.288008849	0.814407343666	0.578361039761	
../sounds/IOWA/cello//Cello.ff.arco.sulA.stereo.F4.aiff	-25.1606673601	25.1606673601	45	349.228231433	324.067564073	0.852310912282	0.363591229458	
../sounds/IOWA/cello//Cello.ff.arco.sulA.stereo.F5.aiff	-48.6245715817	48.6245715817	57	698.456462866	649.831891284	0.846593397067	0.394429513308	
../sounds/IOWA/cello//Cello.ff.arco.sulA.stereo.G4.aiff	-10.8491098844	10.8491098844	47	391.995435982	381.146326097	0.935760315192	0.321183776009	
../sounds/IOWA/cello//Cello.ff.arco.sulA.stereo.G5.aiff	-93.5465976431	93.5465976431	59	783.990871963	690.44427432	0.844922522367	0.489362485154	
../sounds/IOWA/cello//Cello.ff.arco.sulA.stereo.Gb4.aiff	-33.5232958129	33.5232958129	46	369.994422712	336.471126899	0.849304187374	0.569774800673	
../sounds/IOWA/cello//Cello.ff.arco.sulA.stereo.Gb5.aiff	-48.1941515546	48.1941515546	58	739.988845423	691.794693869	0.868744383581	0.344405517104	
../sounds/IOWA/cello//Cello.ff.arco.sulC.stereo.A2.aiff	41.4246974159	41.4246974159	25	110.0	151.424697416	0.706077912944	0.50257968195	
../sounds/IOWA/cello//Cello.ff.arco.sulC.stereo.A3.aiff	54.4363253416	54.4363253416	37	220.0	274.436325342	0.808965595823	0.420951878455	
../sounds/IOWA/cello//Cello.ff.arco.sulC.stereo.Ab2.aiff	11.7763212577	11.7763212577	24	103.826174395	115.602495653	0.646192497401	0.416831703443	
../sounds/IOWA/cello//Cello.ff.arco.sulC.stereo.Ab3.aiff	6.57839909414	6.57839909414	36	207.65234879	214.230747884	0.760368306637	0.302485533754	
../sounds/IOWA/cello//Cello.ff.arco.sulC.stereo.B2.aiff	7.64562959967	7.64562959967	27	123.470825314	131.116454914	0.725984409451	0.388925405669	
../sounds/IOWA/cello//Cello.ff.arco.sulC.stereo.B3.aiff	-9.38637225738	9.38637225738	39	246.941650628	237.555278371	0.773936500538	0.474078380512	
../sounds/IOWA/cello//Cello.ff.arco.sulC.stereo.Bb2.aiff	-0.967443388629	0.967443388629	26	116.54094038	115.573496991	0.676109889186	0.482388824067	
../sounds/IOWA/cello//Cello.ff.arco.sulC.stereo.Bb3.aiff	0.527133207107	0.527133207107	38	233.081880759	233.609013966	0.791275732371	0.546224320773	
../sounds/IOWA/cello//Cello.ff.arco.sulC.stereo.C2.aiff	79.4296669455	79.4296669455	16	65.4063913251	144.836058271	0.649440148087	0.218536375869	
../sounds/IOWA/cello//Cello.ff.arco.sulC.stereo.C3.aiff	7.17071753764	7.17071753764	28	130.81278265	137.983500188	0.71826027437	0.358522589945	
../sounds/IOWA/cello//Cello.ff.arco.sulC.stereo.C4.aiff	25.1284244287	25.1284244287	40	261.625565301	286.753989729	0.87218737413	0.488461214231	
../sounds/IOWA/cello//Cello.ff.arco.sulC.stereo.D2.aiff	47.799235846	47.799235846	18	73.4161919794	121.215427825	0.651983726574	0.376516570521	
../sounds/IOWA/cello//Cello.ff.arco.sulC.stereo.D3.aiff	2.32836621673	2.32836621673	30	146.832383959	149.160750175	0.738209402952	0.352326810716	
../sounds/IOWA/cello//Cello.ff.arco.sulC.stereo.Db2.aiff	19.817238337	19.817238337	17	69.2956577442	89.1128960812	0.499622770331	0.43603536449	
../sounds/IOWA/cello//Cello.ff.arco.sulC.stereo.Db3.aiff	10.0297860377	10.0297860377	29	138.591315488	148.621101526	0.779551737584	0.232095121399	
../sounds/IOWA/cello//Cello.ff.arco.sulC.stereo.E2.aiff	56.9478628123	56.9478628123	20	82.4068892282	139.354752041	0.510594228152	0.457912383047	
../sounds/IOWA/cello//Cello.ff.arco.sulC.stereo.E3.aiff	23.4225558399	23.4225558399	32	164.813778456	188.236334296	0.711844911575	0.473069171442	
../sounds/IOWA/cello//Cello.ff.arco.sulC.stereo.Eb2.aiff	53.8242328126	53.8242328126	19	77.7817459305	131.605978743	0.481041731551	0.464573284143	
../sounds/IOWA/cello//Cello.ff.arco.sulC.stereo.Eb3.aiff	20.1122298472	20.1122298472	31	155.563491861	175.675721708	0.7235911765	0.405467964392	
../sounds/IOWA/cello//Cello.ff.arco.sulC.stereo.F2.aiff	47.4944254246	47.4944254246	21	87.3070578583	134.801483283	0.642131370775	0.35121701122	
../sounds/IOWA/cello//Cello.ff.arco.sulC.stereo.F3.aiff	37.0980178324	37.0980178324	33	174.614115717	211.712133549	0.782548924287	0.188518068839	
../sounds/IOWA/cello//Cello.ff.arco.sulC.stereo.G2.aiff	13.643996375	13.643996375	23	97.9988589954	111.64285537	0.622806326588	0.434219573246	
../sounds/IOWA/cello//Cello.ff.arco.sulC.stereo.G3.aiff	6.8236746809	6.8236746809	35	195.997717991	202.821392672	0.796232584966	0.190143668939	
../sounds/IOWA/cello//Cello.ff.arco.sulC.stereo.Gb2.aiff	54.2650028694	54.2650028694	22	92.4986056779	146.763608547	0.686012648303	0.255950340781	
../sounds/IOWA/cello//Cello.ff.arco.sulC.stereo.Gb3.aiff	3.5150892325	3.5150892325	34	184.997211356	188.512300588	0.775494472455	0.505721777666	
../sounds/IOWA/cello//Cello.ff.arco.sulD.stereo.A3.aiff	-12.0758431991	12.0758431991	37	220.0	207.924156801	0.829068079033	0.505267131287	
../sounds/IOWA/cello//Cello.ff.arco.sulD.stereo.A4.aiff	-38.2162013236	38.2162013236	49	440.0	401.783798676	0.854005947791	0.381387821607	
../sounds/IOWA/cello//Cello.ff.arco.sulD.stereo.Ab3.aiff	32.8659755801	32.8659755801	36	207.65234879	240.51832437	0.812340986985	0.280025569061	
../sounds/IOWA/cello//Cello.ff.arco.sulD.stereo.Ab4.aiff	-33.9574531657	33.9574531657	48	415.30469758	381.347244414	0.878537989215	0.467649496407	
../sounds/IOWA/cello//Cello.ff.arco.sulD.stereo.B3.aiff	-0.129689593761	0.129689593761	39	246.941650628	246.811961034	0.842320962696	0.503606433369	
../sounds/IOWA/cello//Cello.ff.arco.sulD.stereo.B4.aiff	-64.7108770117	64.7108770117	51	493.883301256	429.172424244	0.77601692924	0.456597762756	
../sounds/IOWA/cello//Cello.ff.arco.sulD.stereo.Bb3.aiff	30.9407729103	30.9407729103	38	233.081880759	264.022653669	0.831630262352	0.517234017935	
../sounds/IOWA/cello//Cello.ff.arco.sulD.stereo.Bb4.aiff	-82.9660443575	82.9660443575	50	466.163761518	383.197717161	0.812954900216	0.499085494171	
../sounds/IOWA/cello//Cello.ff.arco.sulD.stereo.C4.aiff	3.2007046247	3.2007046247	40	261.625565301	264.826269925	0.893277858312	0.423787951592	
../sounds/IOWA/cello//Cello.ff.arco.sulD.stereo.C5.aiff	-63.8004652473	63.8004652473	52	523.251130601	459.450665354	0.819881008161	0.611732439835	
../sounds/IOWA/cello//Cello.ff.arco.sulD.stereo.D3.aiff	74.7644161394	74.7644161394	30	146.832383959	221.596800098	0.848530298576	0.391371897124	
../sounds/IOWA/cello//Cello.ff.arco.sulD.stereo.D4.aiff	0.068729480006	0.068729480006	42	293.664767917	293.733497397	0.864561330057	0.307359599391	
../sounds/IOWA/cello//Cello.ff.arco.sulD.stereo.D5.aiff	-71.6953894341	71.6953894341	54	587.329535835	515.634146401	0.814673561962	0.548890889408	
../sounds/IOWA/cello//Cello.ff.arco.sulD.stereo.Db4.aiff	52.2014239757	52.2014239757	41	277.182630977	329.384054953	0.789393400078	0.411642629171	
../sounds/IOWA/cello//Cello.ff.arco.sulD.stereo.Db5.aiff	-31.96754613	31.96754613	53	554.365261954	522.397715824	0.84982594302	0.275723825904	
../sounds/IOWA/cello//Cello.ff.arco.sulD.stereo.E3.aiff	11.2620674688	11.2620674688	32	164.813778456	176.075845925	0.793921081417	0.483774879072	
../sounds/IOWA/cello//Cello.ff.arco.sulD.stereo.E4.aiff	67.4319187448	67.4319187448	44	329.627556913	397.059475658	0.786234552716	0.636458104988	
../sounds/IOWA/cello//Cello.ff.arco.sulD.stereo.Eb3.aiff	11.4256704106	11.4256704106	31	155.563491861	166.989162272	0.785345322029	0.499902280217	
../sounds/IOWA/cello//Cello.ff.arco.sulD.stereo.Eb4.aiff	-5.39298396373	5.39298396373	43	311.126983722	305.733999758	0.887417610405	0.335566559718	
../sounds/IOWA/cello//Cello.ff.arco.sulD.stereo.F3.aiff	2.13812395803	2.13812395803	33	174.614115717	176.752239675	0.823075404249	0.434433772595	
../sounds/IOWA/cello//Cello.ff.arco.sulD.stereo.F4.aiff	-11.9865203832	11.9865203832	45	349.228231433	337.24171105	0.90792090435	0.370972334151	
../sounds/IOWA/cello//Cello.ff.arco.sulD.stereo.G3.aiff	24.2604147384	24.2604147384	35	195.997717991	220.258132729	0.875138105298	0.481419466603	
../sounds/IOWA/cello//Cello.ff.arco.sulD.stereo.G4.aiff	-12.9775057207	12.9775057207	47	391.995435982	379.017930261	0.929863396133	0.307043396378	
../sounds/IOWA/cello//Cello.ff.arco.sulD.stereo.Gb3.aiff	23.003858452	23.003858452	34	184.997211356	208.001069808	0.809541517536	0.463389619593	
../sounds/IOWA/cello//Cello.ff.arco.sulD.stereo.Gb4.aiff	-37.7467244946	37.7467244946	46	369.994422712	332.247698217	0.834496852818	0.530165847469	
../sounds/IOWA/cello//Cello.ff.arco.sulG.stereo.A2.aiff	41.0114550644	41.0114550644	25	110.0	151.011455064	0.67530165116	0.503772481495	
../sounds/IOWA/cello//Cello.ff.arco.sulG.stereo.A3.aiff	-4.86320160656	4.86320160656	37	220.0	215.136798393	0.888263898652	0.418366748603	
../sounds/IOWA/cello//Cello.ff.arco.sulG.stereo.Ab2.aiff	24.1401702422	24.1401702422	24	103.826174395	127.966344637	0.653366853671	0.510722521922	
../sounds/IOWA/cello//Cello.ff.arco.sulG.stereo.Ab3.aiff	-1.13489251626	1.13489251626	36	207.65234879	206.517456274	0.764458954049	0.345312728801	
../sounds/IOWA/cello//Cello.ff.arco.sulG.stereo.B2.aiff	9.92066743877	9.92066743877	27	123.470825314	133.391492753	0.739843876352	0.382130582647	
../sounds/IOWA/cello//Cello.ff.arco.sulG.stereo.B3.aiff	-1.1454746953	1.1454746953	39	246.941650628	245.796175933	0.769550128199	0.60774270724	
../sounds/IOWA/cello//Cello.ff.arco.sulG.stereo.Bb2.aiff	50.361885199	50.361885199	26	116.54094038	166.902825579	0.673973243925	0.491294615471	
../sounds/IOWA/cello//Cello.ff.arco.sulG.stereo.Bb3.aiff	7.96974857288	7.96974857288	38	233.081880759	241.051629332	0.772663453805	0.512756148747	
../sounds/IOWA/cello//Cello.ff.arco.sulG.stereo.C3.aiff	18.3696250694	18.3696250694	28	130.81278265	149.18240772	0.705410922478	0.454300796231	
../sounds/IOWA/cello//Cello.ff.arco.sulG.stereo.C4.aiff	-14.9716682722	14.9716682722	40	261.625565301	246.653897028	0.854015960382	0.293712871765	
../sounds/IOWA/cello//Cello.ff.arco.sulG.stereo.D3.aiff	9.35329242809	9.35329242809	30	146.832383959	156.185676387	0.748540210606	0.392266670563	
../sounds/IOWA/cello//Cello.ff.arco.sulG.stereo.D4.aiff	-24.1014505606	24.1014505606	42	293.664767917	269.563317357	0.851254471428	0.362375461944	
../sounds/IOWA/cello//Cello.ff.arco.sulG.stereo.Db3.aiff	9.04987994974	9.04987994974	29	138.591315488	147.641195438	0.705869043108	0.478097337789	
../sounds/IOWA/cello//Cello.ff.arco.sulG.stereo.Db4.aiff	-11.2539598698	11.2539598698	41	277.182630977	265.928671107	0.712574116221	0.461826145019	
../sounds/IOWA/cello//Cello.ff.arco.sulG.stereo.E3.aiff	61.9803711739	61.9803711739	32	164.813778456	226.79414963	0.748548632757	0.458193464603	
../sounds/IOWA/cello//Cello.ff.arco.sulG.stereo.Eb3.aiff	13.124826345	13.124826345	31	155.563491861	168.688318206	0.693493078395	0.549815891138	
../sounds/IOWA/cello//Cello.ff.arco.sulG.stereo.F3.aiff	5.96634198244	5.96634198244	33	174.614115717	180.580457699	0.791822705847	0.332851123358	
../sounds/IOWA/cello//Cello.ff.arco.sulG.stereo.G2.aiff	4.76049554391	4.76049554391	23	97.9988589954	102.759354539	0.683664327318	0.471817922592	
../sounds/IOWA/cello//Cello.ff.arco.sulG.stereo.G3.aiff	-0.446073560668	0.446073560668	35	195.997717991	195.55164443	0.81372737856	0.278899899653	
../sounds/IOWA/cello//Cello.ff.arco.sulG.stereo.Gb3.aiff	8.29616702476	8.29616702476	34	184.997211356	193.293378381	0.837013254303	0.532028227147	
../sounds/IOWA/cello//Cello.ff.pizz.sulA.stereo.A3.aiff	6.48883508753	6.48883508753	37	220.0	226.488835088	0.908271496679	0.189065478443	
../sounds/IOWA/cello//Cello.ff.pizz.sulA.stereo.A4.aiff	-197.433297683	197.433297683	49	440.0	242.566702317	0.591127128625	0.38019498947	
../sounds/IOWA/cello//Cello.ff.pizz.sulA.stereo.A5.aiff	-728.991274734	728.991274734	61	880.0	151.008725266	0.670946040608	0.289057545045	
../sounds/IOWA/cello//Cello.ff.pizz.sulA.stereo.Ab4.aiff	-7.24611090649	7.24611090649	48	415.30469758	408.058586673	0.899064559867	0.229566474972	
../sounds/IOWA/cello//Cello.ff.pizz.sulA.stereo.Ab5.aiff	-611.870973113	611.870973113	60	830.60939516	218.738422047	0.593318339911	0.504676184058	
../sounds/IOWA/cello//Cello.ff.pizz.sulA.stereo.B3.aiff	-5.81535467136	5.81535467136	39	246.941650628	241.126295957	0.737351499362	0.386641181396	
../sounds/IOWA/cello//Cello.ff.pizz.sulA.stereo.B4.aiff	-16.9709575497	16.9709575497	51	493.883301256	476.912343706	0.762857193039	0.403491343061	
../sounds/IOWA/cello//Cello.ff.pizz.sulA.stereo.Bb3.aiff	-69.0673449474	69.0673449474	38	233.081880759	164.014535812	0.663731655767	0.289906754068	
../sounds/IOWA/cello//Cello.ff.pizz.sulA.stereo.Bb4.aiff	-40.1330363345	40.1330363345	50	466.163761518	426.030725184	0.761149824505	0.424134063679	
../sounds/IOWA/cello//Cello.ff.pizz.sulA.stereo.C4.aiff	-35.3781227372	35.3781227372	40	261.625565301	226.247442563	0.831751996651	0.341968071957	
../sounds/IOWA/cello//Cello.ff.pizz.sulA.stereo.C5.aiff	-182.119931517	182.119931517	52	523.251130601	341.131199084	0.643831974582	0.417374084655	
../sounds/IOWA/cello//Cello.ff.pizz.sulA.stereo.D4.aiff	-39.8980725134	39.8980725134	42	293.664767917	253.766695404	0.855447146893	0.315933411494	
../sounds/IOWA/cello//Cello.ff.pizz.sulA.stereo.D5.aiff	-241.253629365	241.253629365	54	587.329535835	346.075906469	0.72764648402	0.396749238702	
../sounds/IOWA/cello//Cello.ff.pizz.sulA.stereo.Db4.aiff	-44.1957575091	44.1957575091	41	277.182630977	232.986873468	0.831856481731	0.327167578662	
../sounds/IOWA/cello//Cello.ff.pizz.sulA.stereo.Db5.aiff	-282.614460556	282.614460556	53	554.365261954	271.750801398	0.55473693293	0.493397689139	
../sounds/IOWA/cello//Cello.ff.pizz.sulA.stereo.E4.aiff	-108.902459658	108.902459658	44	329.627556913	220.725097255	0.755899455673	0.265903625128	
../sounds/IOWA/cello//Cello.ff.pizz.sulA.stereo.E5.aiff	-410.844026905	410.844026905	56	659.255113826	248.411086921	0.62078499794	0.429463178371	
../sounds/IOWA/cello//Cello.ff.pizz.sulA.stereo.Eb4.aiff	-63.4954580728	63.4954580728	43	311.126983722	247.631525649	0.832698031185	0.285265637888	
../sounds/IOWA/cello//Cello.ff.pizz.sulA.stereo.Eb5.aiff	-370.837147211	370.837147211	55	622.253967444	251.416820233	0.598113927704	0.47259913213	
../sounds/IOWA/cello//Cello.ff.pizz.sulA.stereo.F4.aiff	-86.7531775081	86.7531775081	45	349.228231433	262.475053925	0.750440445143	0.302265384916	
../sounds/IOWA/cello//Cello.ff.pizz.sulA.stereo.F5.aiff	-445.084390215	445.084390215	57	698.456462866	253.372072651	0.678959235068	0.366608298534	
../sounds/IOWA/cello//Cello.ff.pizz.sulA.stereo.G4.aiff	-54.2422133043	54.2422133043	47	391.995435982	337.753222677	0.844601100518	0.260628750548	
../sounds/IOWA/cello//Cello.ff.pizz.sulA.stereo.G5.aiff	-537.349974621	537.349974621	59	783.990871963	246.640897342	0.623797621046	0.493544908773	
../sounds/IOWA/cello//Cello.ff.pizz.sulA.stereo.Gb4.aiff	-8.29697230897	8.29697230897	46	369.994422712	361.697450403	0.902386368138	0.153478971083	
../sounds/IOWA/cello//Cello.ff.pizz.sulA.stereo.Gb5.aiff	-502.213104917	502.213104917	58	739.988845423	237.775740506	0.549640544674	0.493348136283	
../sounds/IOWA/cello//Cello.ff.pizz.sulC.stereo.A2.aiff	33.2751184166	33.2751184166	25	110.0	143.275118417	0.755889995929	0.328900565726	
../sounds/IOWA/cello//Cello.ff.pizz.sulC.stereo.A3.aiff	2.85833863289	2.85833863289	37	220.0	222.858338633	0.839223749215	0.255985453665	
../sounds/IOWA/cello//Cello.ff.pizz.sulC.stereo.Ab2.aiff	7.24899105559	7.24899105559	24	103.826174395	111.075165451	0.741605373099	0.153268110342	
../sounds/IOWA/cello//Cello.ff.pizz.sulC.stereo.Ab3.aiff	5.33060483608	5.33060483608	36	207.65234879	212.982953626	0.846864653188	0.424012239936	
../sounds/IOWA/cello//Cello.ff.pizz.sulC.stereo.B2.aiff	2.86826404511	2.86826404511	27	123.470825314	126.339089359	0.773012921035	0.348296059632	
../sounds/IOWA/cello//Cello.ff.pizz.sulC.stereo.B3.aiff	-55.9812264022	55.9812264022	39	246.941650628	190.960424226	0.752197709577	0.30543683996	
../sounds/IOWA/cello//Cello.ff.pizz.sulC.stereo.Bb2.aiff	6.43086563469	6.43086563469	26	116.54094038	122.971806014	0.764649019743	0.362201603228	
../sounds/IOWA/cello//Cello.ff.pizz.sulC.stereo.Bb3.aiff	-5.70862275223	5.70862275223	38	233.081880759	227.373258007	0.836734370309	0.301568676014	
../sounds/IOWA/cello//Cello.ff.pizz.sulC.stereo.C2.aiff	67.7848061073	67.7848061073	16	65.4063913251	133.191197432	0.799841374933	0.11240392347	
../sounds/IOWA/cello//Cello.ff.pizz.sulC.stereo.C3.aiff	29.7895542332	29.7895542332	28	130.81278265	160.602336884	0.775189377166	0.312876212637	
../sounds/IOWA/cello//Cello.ff.pizz.sulC.stereo.C4.aiff	-11.864866542	11.864866542	40	261.625565301	249.760698759	0.735493728748	0.356073068503	
../sounds/IOWA/cello//Cello.ff.pizz.sulC.stereo.D2.aiff	170.137473114	170.137473114	18	73.4161919794	243.553665094	0.635805780381	0.441928245852	
../sounds/IOWA/cello//Cello.ff.pizz.sulC.stereo.D3.aiff	5.2001756632	5.2001756632	30	146.832383959	152.032559622	0.834500761969	0.22445952706	
../sounds/IOWA/cello//Cello.ff.pizz.sulC.stereo.Db2.aiff	72.6812115758	72.6812115758	17	69.2956577442	141.97686932	0.591249998787	0.376501217356	
../sounds/IOWA/cello//Cello.ff.pizz.sulC.stereo.Db3.aiff	12.7735453187	12.7735453187	29	138.591315488	151.364860807	0.82568817905	0.224834376846	
../sounds/IOWA/cello//Cello.ff.pizz.sulC.stereo.E2.aiff	90.0078852469	90.0078852469	20	82.4068892282	172.414774475	0.664760298133	0.473495913744	
../sounds/IOWA/cello//Cello.ff.pizz.sulC.stereo.E3.aiff	-7.72047350445	7.72047350445	32	164.813778456	157.093304952	0.808443457791	0.106230635478	
../sounds/IOWA/cello//Cello.ff.pizz.sulC.stereo.Eb2.aiff	29.5309008956	29.5309008956	19	77.7817459305	107.312646826	0.497713085264	0.332552631541	
../sounds/IOWA/cello//Cello.ff.pizz.sulC.stereo.Eb3.aiff	-2.49760887851	2.49760887851	31	155.563491861	153.065882983	0.795525114025	0.256526634736	
../sounds/IOWA/cello//Cello.ff.pizz.sulC.stereo.F2.aiff	30.192528413	30.192528413	21	87.3070578583	117.499586271	0.670013608492	0.45028403045	
../sounds/IOWA/cello//Cello.ff.pizz.sulC.stereo.F3.aiff	16.1597223267	16.1597223267	33	174.614115717	190.773838043	0.854543485321	0.342872353557	
../sounds/IOWA/cello//Cello.ff.pizz.sulC.stereo.G2.aiff	6.62141687065	6.62141687065	23	97.9988589954	104.620275866	0.718390889028	0.194827361111	
../sounds/IOWA/cello//Cello.ff.pizz.sulC.stereo.G3.aiff	5.9510512352	5.9510512352	35	195.997717991	201.948769226	0.825501281023	0.445920661688	
../sounds/IOWA/cello//Cello.ff.pizz.sulC.stereo.Gb2.aiff	8.11731387541	8.11731387541	22	92.4986056779	100.615919553	0.679442792367	0.269966817819	
../sounds/IOWA/cello//Cello.ff.pizz.sulC.stereo.Gb3.aiff	111.60798557	111.60798557	34	184.997211356	296.605196926	0.818462308816	0.276972754513	
../sounds/IOWA/cello//Cello.ff.pizz.sulD.stereo.A3.aiff	-9.66593485293	9.66593485293	37	220.0	210.334065147	0.824719016967	0.374759415489	
../sounds/IOWA/cello//Cello.ff.pizz.sulD.stereo.A4.aiff	-182.788124084	182.788124084	49	440.0	257.211875916	0.66546945819	0.358981611162	
../sounds/IOWA/cello//Cello.ff.pizz.sulD.stereo.Ab3.aiff	-30.302687686	30.302687686	36	207.65234879	177.349661104	0.73270461127	0.413401004459	
../sounds/IOWA/cello//Cello.ff.pizz.sulD.stereo.Ab4.aiff	-220.554074139	220.554074139	48	415.30469758	194.750623441	0.765285068283	0.318834251341	
../sounds/IOWA/cello//Cello.ff.pizz.sulD.stereo.B3.aiff	-35.6592485895	35.6592485895	39	246.941650628	211.282402039	0.735586315393	0.454730842851	
../sounds/IOWA/cello//Cello.ff.pizz.sulD.stereo.B4.aiff	-306.805492269	306.805492269	51	493.883301256	187.077808987	0.647605980662	0.279692140408	
../sounds/IOWA/cello//Cello.ff.pizz.sulD.stereo.Bb3.aiff	-63.7532001504	63.7532001504	38	233.081880759	169.328680609	0.719729735065	0.352225676025	
../sounds/IOWA/cello//Cello.ff.pizz.sulD.stereo.Bb4.aiff	-278.983868024	278.983868024	50	466.163761518	187.179893494	0.642313815396	0.322179268318	
../sounds/IOWA/cello//Cello.ff.pizz.sulD.stereo.C4.aiff	-55.805650001	55.805650001	40	261.625565301	205.8199153	0.787800160265	0.448701648675	
../sounds/IOWA/cello//Cello.ff.pizz.sulD.stereo.C5.aiff	-307.815931111	307.815931111	52	523.251130601	215.43519949	0.570868982123	0.385856006827	
../sounds/IOWA/cello//Cello.ff.pizz.sulD.stereo.D3.aiff	12.8449610427	12.8449610427	30	146.832383959	159.677345001	0.819109019616	0.435056860177	
../sounds/IOWA/cello//Cello.ff.pizz.sulD.stereo.D4.aiff	-90.2804704321	90.2804704321	42	293.664767917	203.384297485	0.844310427308	0.37544203952	
../sounds/IOWA/cello//Cello.ff.pizz.sulD.stereo.D5.aiff	-413.963865917	413.963865917	54	587.329535835	173.365669918	0.660263577104	0.289679847378	
../sounds/IOWA/cello//Cello.ff.pizz.sulD.stereo.Db4.aiff	-44.9784887243	44.9784887243	41	277.182630977	232.204142253	0.841406303644	0.326257702791	
../sounds/IOWA/cello//Cello.ff.pizz.sulD.stereo.Db5.aiff	-365.122245881	365.122245881	53	554.365261954	189.243016073	0.636016538698	0.281252065036	
../sounds/IOWA/cello//Cello.ff.pizz.sulD.stereo.E3.aiff	-1.02318585202	1.02318585202	32	164.813778456	163.790592604	0.735692512989	0.443780429088	
../sounds/IOWA/cello//Cello.ff.pizz.sulD.stereo.E4.aiff	-132.522382133	132.522382133	44	329.627556913	197.10517478	0.720864869033	0.338916410382	
../sounds/IOWA/cello//Cello.ff.pizz.sulD.stereo.Eb3.aiff	70.4766260037	70.4766260037	31	155.563491861	226.040117865	0.786165246408	0.42041723124	
../sounds/IOWA/cello//Cello.ff.pizz.sulD.stereo.Eb4.aiff	-123.374318571	123.374318571	43	311.126983722	187.752665151	0.747161418495	0.404570053562	
../sounds/IOWA/cello//Cello.ff.pizz.sulD.stereo.F3.aiff	-1.27336283135	1.27336283135	33	174.614115717	173.340752885	0.811241795888	0.447386549937	
../sounds/IOWA/cello//Cello.ff.pizz.sulD.stereo.F4.aiff	-101.983394049	101.983394049	45	349.228231433	247.244837384	0.697547521009	0.329195299814	
../sounds/IOWA/cello//Cello.ff.pizz.sulD.stereo.G3.aiff	-10.1058454032	10.1058454032	35	195.997717991	185.891872588	0.787409396399	0.358517981711	
../sounds/IOWA/cello//Cello.ff.pizz.sulD.stereo.G4.aiff	-57.8563488997	57.8563488997	47	391.995435982	334.139087082	0.862120856933	0.306734734377	
../sounds/IOWA/cello//Cello.ff.pizz.sulD.stereo.Gb3.aiff	-15.9704830185	15.9704830185	34	184.997211356	169.026728337	0.809099079949	0.422324728553	
../sounds/IOWA/cello//Cello.ff.pizz.sulD.stereo.Gb4.aiff	-152.300231294	152.300231294	46	369.994422712	217.694191417	0.75733438237	0.314121821745	
../sounds/IOWA/cello//Cello.ff.pizz.sulG.stereo.A2.aiff	6.31866565051	6.31866565051	25	110.0	116.318665651	0.699471510745	0.281776107143	
../sounds/IOWA/cello//Cello.ff.pizz.sulG.stereo.A3.aiff	-63.5771381612	63.5771381612	37	220.0	156.422861839	0.687488498128	0.325460507401	
../sounds/IOWA/cello//Cello.ff.pizz.sulG.stereo.Ab2.aiff	3.00988905695	3.00988905695	24	103.826174395	106.836063452	0.737628954022	0.231046730816	
../sounds/IOWA/cello//Cello.ff.pizz.sulG.stereo.Ab3.aiff	-46.7807752109	46.7807752109	36	207.65234879	160.871573579	0.691695983503	0.367208255126	
../sounds/IOWA/cello//Cello.ff.pizz.sulG.stereo.B2.aiff	5.12942128881	5.12942128881	27	123.470825314	128.600246603	0.793365401301	0.508453449121	
../sounds/IOWA/cello//Cello.ff.pizz.sulG.stereo.B3.aiff	-26.9992485532	26.9992485532	39	246.941650628	219.942402075	0.790472004083	0.430770854106	
../sounds/IOWA/cello//Cello.ff.pizz.sulG.stereo.Bb2.aiff	4.21950456566	4.21950456566	26	116.54094038	120.760444945	0.771096173404	0.349763894805	
../sounds/IOWA/cello//Cello.ff.pizz.sulG.stereo.Bb3.aiff	-48.5046255921	48.5046255921	38	233.081880759	184.577255167	0.759076146028	0.329315975709	
../sounds/IOWA/cello//Cello.ff.pizz.sulG.stereo.C3.aiff	4.5747739097	4.5747739097	28	130.81278265	135.38755656	0.81142160252	0.434518287209	
../sounds/IOWA/cello//Cello.ff.pizz.sulG.stereo.C4.aiff	-64.1441162119	64.1441162119	40	261.625565301	197.481449089	0.793355675057	0.431889991869	
../sounds/IOWA/cello//Cello.ff.pizz.sulG.stereo.D3.aiff	-3.74975240251	3.74975240251	30	146.832383959	143.082631556	0.813965385656	0.298597594164	
../sounds/IOWA/cello//Cello.ff.pizz.sulG.stereo.D4.aiff	-106.020867507	106.020867507	42	293.664767917	187.643900411	0.763493174248	0.306935422457	
../sounds/IOWA/cello//Cello.ff.pizz.sulG.stereo.Db3.aiff	0.985437569965	0.985437569965	29	138.591315488	139.576753058	0.823080130175	0.33355008826	
../sounds/IOWA/cello//Cello.ff.pizz.sulG.stereo.Db4.aiff	-93.5219730942	93.5219730942	41	277.182630977	183.660657883	0.762496712533	0.372166644782	
../sounds/IOWA/cello//Cello.ff.pizz.sulG.stereo.E3.aiff	-1.60223445661	1.60223445661	32	164.813778456	163.211544	0.768582212115	0.328089588258	
../sounds/IOWA/cello//Cello.ff.pizz.sulG.stereo.E4.aiff	-165.325126919	165.325126919	44	329.627556913	164.302429994	0.691986714179	0.298085035058	
../sounds/IOWA/cello//Cello.ff.pizz.sulG.stereo.Eb3.aiff	-5.64743135725	5.64743135725	31	155.563491861	149.916060504	0.777080598415	0.2997117964	
../sounds/IOWA/cello//Cello.ff.pizz.sulG.stereo.Eb4.aiff	-141.719755231	141.719755231	43	311.126983722	169.407228491	0.682194493629	0.301831847855	
../sounds/IOWA/cello//Cello.ff.pizz.sulG.stereo.F3.aiff	-15.9187019999	15.9187019999	33	174.614115717	158.695413717	0.74184339775	0.361157370524	
../sounds/IOWA/cello//Cello.ff.pizz.sulG.stereo.F4.aiff	-152.050026165	152.050026165	45	349.228231433	197.178205268	0.746993387854	0.260851557691	
../sounds/IOWA/cello//Cello.ff.pizz.sulG.stereo.G2.aiff	3.05613258503	3.05613258503	23	97.9988589954	101.05499158	0.724215624061	0.342163715954	
../sounds/IOWA/cello//Cello.ff.pizz.sulG.stereo.G3.aiff	-30.3221587718	30.3221587718	35	195.997717991	165.675559219	0.716286982809	0.333454816317	
../sounds/IOWA/cello//Cello.ff.pizz.sulG.stereo.G4.aiff	-191.334130184	191.334130184	47	391.995435982	200.661305797	0.7493235627	0.224612368005	
../sounds/IOWA/cello//Cello.ff.pizz.sulG.stereo.Gb3.aiff	-7.12817206713	7.12817206713	34	184.997211356	177.869039289	0.805163385588	0.410211855173	
../sounds/IOWA/cello//Cello.ff.pizz.sulG.stereo.Gb4.aiff	-182.384727187	182.384727187	46	369.994422712	187.609695524	0.761517308039	0.228856020202	
../sounds/IOWA/marimba//Marimba.ff.rubber.stereo.A2.aiff	34.3073565575	34.3073565575	25	110.0	144.307356558	0.769293987623	0.0846090949771	
../sounds/IOWA/marimba//Marimba.ff.rubber.stereo.A3.aiff	41.3509031169	41.3509031169	37	220.0	261.350903117	0.93194292148	0.0355708901584	
../sounds/IOWA/marimba//Marimba.ff.rubber.stereo.A4.aiff	6.64557538714	6.64557538714	49	440.0	446.645575387	0.966937891075	0.0393646909035	
../sounds/IOWA/marimba//Marimba.ff.rubber.stereo.A5.aiff	10.6444157192	10.6444157192	61	880.0	890.644415719	0.940443143249	0.233815911492	
../sounds/IOWA/marimba//Marimba.ff.rubber.stereo.A6.aiff	-1181.19208087	1181.19208087	73	1760.0	578.807919127	0.595904471296	0.32010587779	
../sounds/IOWA/marimba//Marimba.ff.rubber.stereo.Ab2.aiff	35.2150867875	35.2150867875	24	103.826174395	139.041261183	0.760650830609	0.0533331245051	
../sounds/IOWA/marimba//Marimba.ff.rubber.stereo.Ab3.aiff	15.6144597773	15.6144597773	36	207.65234879	223.266808567	0.922797642558	0.0450009485393	
../sounds/IOWA/marimba//Marimba.ff.rubber.stereo.Ab4.aiff	3.51972532213	3.51972532213	48	415.30469758	418.824422902	0.963026533867	0.0303689731397	
../sounds/IOWA/marimba//Marimba.ff.rubber.stereo.Ab5.aiff	-30.6396896298	30.6396896298	60	830.60939516	799.96970553	0.956425914893	0.172809755404	
../sounds/IOWA/marimba//Marimba.ff.rubber.stereo.Ab6.aiff	-877.16576472	877.16576472	72	1661.21879032	784.0530256	0.65695539202	0.27168940013	
../sounds/IOWA/marimba//Marimba.ff.rubber.stereo.B2.aiff	33.4245552431	33.4245552431	27	123.470825314	156.895380557	0.800635260864	0.0820801963451	
../sounds/IOWA/marimba//Marimba.ff.rubber.stereo.B3.aiff	14.8985817382	14.8985817382	39	246.941650628	261.840232366	0.945425604718	0.0359809551199	
../sounds/IOWA/marimba//Marimba.ff.rubber.stereo.B4.aiff	4.82908300314	4.82908300314	51	493.883301256	498.712384259	0.970626655552	0.0529618793926	
../sounds/IOWA/marimba//Marimba.ff.rubber.stereo.B5.aiff	-409.768957385	409.768957385	63	987.766602512	577.997645127	0.723190542899	0.275061191599	
../sounds/IOWA/marimba//Marimba.ff.rubber.stereo.B6.aiff	-1169.33957715	1169.33957715	75	1975.53320502	806.193627871	0.610250360691	0.332260280418	
../sounds/IOWA/marimba//Marimba.ff.rubber.stereo.Bb2.aiff	29.4583960036	29.4583960036	26	116.54094038	145.999336383	0.796042183426	0.0505561542274	
../sounds/IOWA/marimba//Marimba.ff.rubber.stereo.Bb3.aiff	16.7878925607	16.7878925607	38	233.081880759	249.86977332	0.936126633769	0.0516085875487	
../sounds/IOWA/marimba//Marimba.ff.rubber.stereo.Bb4.aiff	25.8204376179	25.8204376179	50	466.163761518	491.984199136	0.973614598735	0.0550183967482	
../sounds/IOWA/marimba//Marimba.ff.rubber.stereo.Bb5.aiff	-14.8984088967	14.8984088967	62	932.327523036	917.429114139	0.965094864368	0.164052816447	
../sounds/IOWA/marimba//Marimba.ff.rubber.stereo.Bb6.aiff	-926.879155504	926.879155504	74	1864.65504607	937.775890568	0.65045729535	0.291682924729	
../sounds/IOWA/marimba//Marimba.ff.rubber.stereo.C2.aiff	58.5668188092	58.5668188092	16	65.4063913251	123.973210134	0.608951113027	0.0420312426026	
../sounds/IOWA/marimba//Marimba.ff.rubber.stereo.C3.aiff	16.6075805887	16.6075805887	28	130.81278265	147.420363239	0.829798519054	0.0783618732886	
../sounds/IOWA/marimba//Marimba.ff.rubber.stereo.C4.aiff	60.6022463856	60.6022463856	40	261.625565301	322.227811686	0.949364843965	0.0440239438477	
../sounds/IOWA/marimba//Marimba.ff.rubber.stereo.C5.aiff	17.5014428403	17.5014428403	52	523.251130601	540.752573441	0.968509230078	0.0651412042504	
../sounds/IOWA/marimba//Marimba.ff.rubber.stereo.C6.aiff	10.060697782	10.060697782	64	1046.5022612	1056.56295898	0.988749060631	0.151997935399	
../sounds/IOWA/marimba//Marimba.ff.rubber.stereo.C7.aiff	-1238.60197593	1238.60197593	76	2093.0045224	854.402546474	0.602883592248	0.318128767357	
../sounds/IOWA/marimba//Marimba.ff.rubber.stereo.D2.aiff	60.8711277659	60.8711277659	18	73.4161919794	134.287319745	0.659694153671	0.0509713201264	
../sounds/IOWA/marimba//Marimba.ff.rubber.stereo.D3.aiff	45.7404679499	45.7404679499	30	146.832383959	192.572851909	0.86737353347	0.0515787486064	
../sounds/IOWA/marimba//Marimba.ff.rubber.stereo.D4.aiff	10.2721805864	10.2721805864	42	293.664767917	303.936948504	0.943779653737	0.0482823538062	
../sounds/IOWA/marimba//Marimba.ff.rubber.stereo.D5.aiff	4.02581733797	4.02581733797	54	587.329535835	591.355353173	0.969957550789	0.092519416672	
../sounds/IOWA/marimba//Marimba.ff.rubber.stereo.D6.aiff	-123.006393498	123.006393498	66	1174.65907167	1051.65267817	0.93863302966	0.189383367891	
../sounds/IOWA/marimba//Marimba.ff.rubber.stereo.Db2.aiff	49.3044180323	49.3044180323	17	69.2956577442	118.600075777	0.638253835426	0.0409689893245	
../sounds/IOWA/marimba//Marimba.ff.rubber.stereo.Db3.aiff	16.4418970117	16.4418970117	29	138.591315488	155.0332125	0.845383007143	0.0520938935106	
../sounds/IOWA/marimba//Marimba.ff.rubber.stereo.Db4.aiff	18.6883902443	18.6883902443	41	277.182630977	295.871021221	0.948465066297	0.0472449045326	
../sounds/IOWA/marimba//Marimba.ff.rubber.stereo.Db5.aiff	10.8867602677	10.8867602677	53	554.365261954	565.252022221	0.968328533308	0.0935804421117	
../sounds/IOWA/marimba//Marimba.ff.rubber.stereo.Db6.aiff	-213.310809749	213.310809749	65	1108.73052391	895.419714159	0.812748280264	0.245815567973	
../sounds/IOWA/marimba//Marimba.ff.rubber.stereo.E2.aiff	53.5053574759	53.5053574759	20	82.4068892282	135.912246704	0.667667039933	0.0690387672041	
../sounds/IOWA/marimba//Marimba.ff.rubber.stereo.E3.aiff	14.9263732833	14.9263732833	32	164.813778456	179.74015174	0.873356191369	0.0760962857151	
../sounds/IOWA/marimba//Marimba.ff.rubber.stereo.E4.aiff	49.6062372995	49.6062372995	44	329.627556913	379.233794212	0.96157261543	0.0306590160253	
../sounds/IOWA/marimba//Marimba.ff.rubber.stereo.E5.aiff	-8.62236653045	8.62236653045	56	659.255113826	650.632747295	0.93836614143	0.220749563603	
../sounds/IOWA/marimba//Marimba.ff.rubber.stereo.E6.aiff	-230.063312979	230.063312979	68	1318.51022765	1088.44691467	0.882931675911	0.199219565988	
../sounds/IOWA/marimba//Marimba.ff.rubber.stereo.Eb2.aiff	81.2453729703	81.2453729703	19	77.7817459305	159.027118901	0.636810833216	0.0874087505076	
../sounds/IOWA/marimba//Marimba.ff.rubber.stereo.Eb3.aiff	26.0008192725	26.0008192725	31	155.563491861	181.564311133	0.864560280685	0.056173016024	
../sounds/IOWA/marimba//Marimba.ff.rubber.stereo.Eb4.aiff	4.4901413964	4.4901413964	43	311.126983722	315.617125118	0.956514161299	0.0355918258976	
../sounds/IOWA/marimba//Marimba.ff.rubber.stereo.Eb5.aiff	-2.88823898957	2.88823898957	55	622.253967444	619.365728455	0.965477862358	0.101875497773	
../sounds/IOWA/marimba//Marimba.ff.rubber.stereo.Eb6.aiff	-365.800599734	365.800599734	67	1244.50793489	878.707335154	0.782708977208	0.237954035994	
../sounds/IOWA/marimba//Marimba.ff.rubber.stereo.F2.aiff	55.9745643702	55.9745643702	21	87.3070578583	143.281622228	0.700421631756	0.0677226735541	
../sounds/IOWA/marimba//Marimba.ff.rubber.stereo.F3.aiff	19.8405660191	19.8405660191	33	174.614115717	194.454681736	0.904944574833	0.0789508927717	
../sounds/IOWA/marimba//Marimba.ff.rubber.stereo.F4.aiff	14.8349977522	14.8349977522	45	349.228231433	364.063229185	0.96040478439	0.0361962725662	
../sounds/IOWA/marimba//Marimba.ff.rubber.stereo.F5.aiff	7.6941606563	7.6941606563	57	698.456462866	706.150623522	0.980211068141	0.122841775295	
../sounds/IOWA/marimba//Marimba.ff.rubber.stereo.F6.aiff	-548.444909391	548.444909391	69	1396.91292573	848.468016341	0.756022367928	0.234640187332	
../sounds/IOWA/marimba//Marimba.ff.rubber.stereo.G2.aiff	30.038581823	30.038581823	23	97.9988589954	128.037440818	0.743928071636	0.0560494480723	
../sounds/IOWA/marimba//Marimba.ff.rubber.stereo.G3.aiff	51.2197070097	51.2197070097	35	195.997717991	247.217425001	0.924438735286	0.0370332122893	
../sounds/IOWA/marimba//Marimba.ff.rubber.stereo.G4.aiff	0.847700787671	0.847700787671	47	391.995435982	392.843136769	0.958483618385	0.042384088672	
../sounds/IOWA/marimba//Marimba.ff.rubber.stereo.G5.aiff	6.64491442187	6.64491442187	59	783.990871963	790.635786385	0.979755773627	0.189976970569	
../sounds/IOWA/marimba//Marimba.ff.rubber.stereo.G6.aiff	-907.886253916	907.886253916	71	1567.98174393	660.095490011	0.623328238726	0.346849519076	
../sounds/IOWA/marimba//Marimba.ff.rubber.stereo.Gb2.aiff	64.1978533384	64.1978533384	22	92.4986056779	156.696459016	0.695167542639	0.0837561019696	
../sounds/IOWA/marimba//Marimba.ff.rubber.stereo.Gb3.aiff	25.3187827512	25.3187827512	34	184.997211356	210.315994107	0.911396675572	0.0587847521053	
../sounds/IOWA/marimba//Marimba.ff.rubber.stereo.Gb4.aiff	19.6959300185	19.6959300185	46	369.994422712	389.69035273	0.963727809381	0.0333255999519	
../sounds/IOWA/marimba//Marimba.ff.rubber.stereo.Gb5.aiff	5.24846517086	5.24846517086	58	739.988845423	745.237310594	0.982301550527	0.124058509065	
../sounds/IOWA/marimba//Marimba.ff.rubber.stereo.Gb6.aiff	-612.140918255	612.140918255	70	1479.97769085	867.836772592	0.702743346351	0.299023031364	
../sounds/IOWA/piano//Piano.ff.A0.aiff	88.5071452446	88.5071452446	1	27.5	116.007145245	0.251481941985	0.482009433065	
../sounds/IOWA/piano//Piano.ff.A1.aiff	132.54159776	132.54159776	13	55.0	187.54159776	0.361783379754	0.181036808398	
../sounds/IOWA/piano//Piano.ff.A2.aiff	38.4241637876	38.4241637876	25	110.0	148.424163788	0.510166169895	0.206928549662	
../sounds/IOWA/piano//Piano.ff.A3.aiff	-17.3607376144	17.3607376144	37	220.0	202.639262386	0.510850362163	0.158996201179	
../sounds/IOWA/piano//Piano.ff.A4.aiff	-109.924697912	109.924697912	49	440.0	330.075302088	0.574304419271	0.160261324656	
../sounds/IOWA/piano//Piano.ff.A5.aiff	-480.172067507	480.172067507	61	880.0	399.827932493	0.44115118637	0.0883601819086	
../sounds/IOWA/piano//Piano.ff.A6.aiff	-1203.83862475	1203.83862475	73	1760.0	556.161375254	0.390810139108	0.0961931949856	
../sounds/IOWA/piano//Piano.ff.A7.aiff	-3226.04834513	3226.04834513	85	3520.0	293.951654873	0.268862239786	0.0664740826909	
../sounds/IOWA/piano//Piano.ff.Ab1.aiff	125.341337117	125.341337117	12	51.9130871975	177.254424315	0.343884120232	0.195507878086	
../sounds/IOWA/piano//Piano.ff.Ab2.aiff	42.622481423	42.622481423	24	103.826174395	146.448655818	0.613133815969	0.239313599256	
../sounds/IOWA/piano//Piano.ff.Ab3.aiff	-3.89969660101	3.89969660101	36	207.65234879	203.752652189	0.513167780515	0.161236120796	
../sounds/IOWA/piano//Piano.ff.Ab4.aiff	-91.574045469	91.574045469	48	415.30469758	323.730652111	0.601962547838	0.163868781171	
../sounds/IOWA/piano//Piano.ff.Ab5.aiff	-421.930382019	421.930382019	60	830.60939516	408.679013141	0.441828351248	0.0986091470223	
../sounds/IOWA/piano//Piano.ff.Ab6.aiff	-1092.68961702	1092.68961702	72	1661.21879032	568.529173299	0.427247968096	0.0998150332048	
../sounds/IOWA/piano//Piano.ff.Ab7.aiff	-2996.51851308	2996.51851308	84	3322.43758064	325.919067561	0.294600193063	0.070233652004	
../sounds/IOWA/piano//Piano.ff.B0.aiff	156.277122557	156.277122557	3	30.8677063285	187.144828885	0.467319760668	0.441465456387	
../sounds/IOWA/piano//Piano.ff.B1.aiff	191.205980662	191.205980662	15	61.735412657	252.941393319	0.412824308638	0.16810928717	
../sounds/IOWA/piano//Piano.ff.B2.aiff	41.5385978237	41.5385978237	27	123.470825314	165.009423138	0.573262277354	0.206557283696	
../sounds/IOWA/piano//Piano.ff.B3.aiff	-8.5206947408	8.5206947408	39	246.941650628	238.420955887	0.450777194258	0.121245927843	
../sounds/IOWA/piano//Piano.ff.B4.aiff	-138.249011896	138.249011896	51	493.883301256	355.63428936	0.599458976718	0.128061275547	
../sounds/IOWA/piano//Piano.ff.B5.aiff	-705.53071398	705.53071398	63	987.766602512	282.235888532	0.267121058506	0.051684847883	
../sounds/IOWA/piano//Piano.ff.B6.aiff	-1601.47083402	1601.47083402	75	1975.53320502	374.062371008	0.308531004349	0.0735052296087	
../sounds/IOWA/piano//Piano.ff.B7.aiff	-3610.03376359	3610.03376359	87	3951.06641005	341.032646458	0.286368649274	0.0683358400768	
../sounds/IOWA/piano//Piano.ff.Bb0.aiff	158.722853638	158.722853638	2	29.1352350949	187.858088733	0.460400136256	0.447530312154	
../sounds/IOWA/piano//Piano.ff.Bb1.aiff	126.146805789	126.146805789	14	58.2704701898	184.417275979	0.33016466267	0.158766403094	
../sounds/IOWA/piano//Piano.ff.Bb2.aiff	34.9780169937	34.9780169937	26	116.54094038	151.518957373	0.541867514696	0.200033168598	
../sounds/IOWA/piano//Piano.ff.Bb3.aiff	-12.6276428101	12.6276428101	38	233.081880759	220.454237949	0.650208568819	0.197961181289	
../sounds/IOWA/piano//Piano.ff.Bb4.aiff	-131.017179532	131.017179532	50	466.163761518	335.146581986	0.560745795692	0.152017724938	
../sounds/IOWA/piano//Piano.ff.Bb5.aiff	-469.852748355	469.852748355	62	932.327523036	462.474774681	0.492941473231	0.10338592986	
../sounds/IOWA/piano//Piano.ff.Bb6.aiff	-1251.69446496	1251.69446496	74	1864.65504607	612.960581111	0.424419702601	0.110015674132	
../sounds/IOWA/piano//Piano.ff.Bb7.aiff	-3444.38985606	3444.38985606	86	3729.31009214	284.920236081	0.285481788928	0.0790661617539	
../sounds/IOWA/piano//Piano.ff.C1.aiff	171.773779932	171.773779932	4	32.7031956626	204.476975595	0.580646879867	0.260373490837	
../sounds/IOWA/piano//Piano.ff.C2.aiff	152.970658757	152.970658757	16	65.4063913251	218.377050082	0.471959583098	0.210937806635	
../sounds/IOWA/piano//Piano.ff.C3.aiff	74.2585886599	74.2585886599	28	130.81278265	205.07137131	0.690917804326	0.2316335795	
../sounds/IOWA/piano//Piano.ff.C4.aiff	-16.5724353693	16.5724353693	40	261.625565301	245.053129931	0.683772784806	0.191176987976	
../sounds/IOWA/piano//Piano.ff.C5.aiff	-183.335724462	183.335724462	52	523.251130601	339.915406139	0.521567437417	0.133679856651	
../sounds/IOWA/piano//Piano.ff.C6.aiff	-642.90018454	642.90018454	64	1046.5022612	403.602076663	0.454994216041	0.152100159645	
../sounds/IOWA/piano//Piano.ff.C7.aiff	-1554.53310542	1554.53310542	76	2093.0045224	538.471416987	0.374223999718	0.0821732175705	
../sounds/IOWA/piano//Piano.ff.C8.aiff	-3846.96718758	3846.96718758	88	4186.00904481	339.041857233	0.315875934809	0.0860767689534	
../sounds/IOWA/piano//Piano.ff.D1.aiff	122.238988276	122.238988276	6	36.7080959897	158.947084266	0.354569372308	0.175051276767	
../sounds/IOWA/piano//Piano.ff.D2.aiff	132.05060088	132.05060088	18	73.4161919794	205.466792859	0.415037083006	0.154373916464	
../sounds/IOWA/piano//Piano.ff.D3.aiff	10.4561188643	10.4561188643	30	146.832383959	157.288502823	0.589554910654	0.180725083541	
../sounds/IOWA/piano//Piano.ff.D4.aiff	-49.6330869214	49.6330869214	42	293.664767917	244.031680996	0.508673098742	0.124623581512	
../sounds/IOWA/piano//Piano.ff.D5.aiff	-233.179828969	233.179828969	54	587.329535835	354.149706866	0.478588211	0.109498684979	
../sounds/IOWA/piano//Piano.ff.D6.aiff	-698.884797568	698.884797568	66	1174.65907167	475.774274102	0.48194802045	0.128222316468	
../sounds/IOWA/piano//Piano.ff.D7.aiff	-2043.62394573	2043.62394573	78	2349.31814334	305.69419761	0.290781516985	0.0691669003635	
../sounds/IOWA/piano//Piano.ff.Db1.aiff	169.808420838	169.808420838	5	34.6478288721	204.45624971	0.36327381007	0.20361443908	
../sounds/IOWA/piano//Piano.ff.Db2.aiff	64.5857302138	64.5857302138	17	69.2956577442	133.881387958	0.386833444718	0.174860399358	
../sounds/IOWA/piano//Piano.ff.Db3.aiff	36.6308465444	36.6308465444	29	138.591315488	175.222162033	0.485668126262	0.122893038111	
../sounds/IOWA/piano//Piano.ff.Db4.aiff	-28.6316212225	28.6316212225	41	277.182630977	248.551009754	0.603101016329	0.180539941791	
../sounds/IOWA/piano//Piano.ff.Db5.aiff	-181.832627654	181.832627654	53	554.365261954	372.5326343	0.549007266281	0.107738657052	
../sounds/IOWA/piano//Piano.ff.Db6.aiff	-688.335767568	688.335767568	65	1108.73052391	420.394756339	0.449037800417	0.137796744795	
../sounds/IOWA/piano//Piano.ff.Db7.aiff	-1861.00480532	1861.00480532	77	2217.46104781	356.456242494	0.320773484083	0.0802743021091	
../sounds/IOWA/piano//Piano.ff.E1.aiff	186.950704912	186.950704912	8	41.2034446141	228.154149526	0.655835219806	0.27746580615	
../sounds/IOWA/piano//Piano.ff.E2.aiff	112.287043172	112.287043172	20	82.4068892282	194.6939324	0.491152770465	0.158639270411	
../sounds/IOWA/piano//Piano.ff.E3.aiff	12.787560171	12.787560171	32	164.813778456	177.601338627	0.566288409812	0.214274378376	
../sounds/IOWA/piano//Piano.ff.E4.aiff	-74.6873295694	74.6873295694	44	329.627556913	254.940227344	0.489041141792	0.133976480799	
../sounds/IOWA/piano//Piano.ff.E5.aiff	-241.546610322	241.546610322	56	659.255113826	417.708503504	0.542065067367	0.125468589525	
../sounds/IOWA/piano//Piano.ff.E6.aiff	-791.681964338	791.681964338	68	1318.51022765	526.828263314	0.48642461844	0.11153609681	
../sounds/IOWA/piano//Piano.ff.E7.aiff	-2289.18646164	2289.18646164	80	2637.0204553	347.833993661	0.338444239901	0.0777096774362	
../sounds/IOWA/piano//Piano.ff.Eb1.aiff	156.741860277	156.741860277	7	38.8908729653	195.632733242	0.639479559812	0.292272848985	
../sounds/IOWA/piano//Piano.ff.Eb2.aiff	132.221256846	132.221256846	19	77.7817459305	210.003002776	0.45013940651	0.14616601897	
../sounds/IOWA/piano//Piano.ff.Eb3.aiff	15.3230187748	15.3230187748	31	155.563491861	170.886510636	0.522689624587	0.216317446006	
../sounds/IOWA/piano//Piano.ff.Eb4.aiff	-67.8863510801	67.8863510801	43	311.126983722	243.240632642	0.459230811902	0.12000296869	
../sounds/IOWA/piano//Piano.ff.Eb5.aiff	-237.283998672	237.283998672	55	622.253967444	384.969968773	0.53381629672	0.11871902616	
../sounds/IOWA/piano//Piano.ff.Eb6.aiff	-734.262350148	734.262350148	67	1244.50793489	510.245584741	0.487891545328	0.119073903825	
../sounds/IOWA/piano//Piano.ff.Eb7.aiff	-2163.49640598	2163.49640598	79	2489.01586978	325.519463793	0.311215936723	0.0784295829774	
../sounds/IOWA/piano//Piano.ff.F1.aiff	178.524185086	178.524185086	9	43.6535289291	222.177714015	0.363438785285	0.205117055639	
../sounds/IOWA/piano//Piano.ff.F2.aiff	45.7045849262	45.7045849262	21	87.3070578583	133.011642784	0.437994992548	0.171965366828	
../sounds/IOWA/piano//Piano.ff.F3.aiff	9.53402643661	9.53402643661	33	174.614115717	184.148142153	0.629128251327	0.21461479431	
../sounds/IOWA/piano//Piano.ff.F4.aiff	-69.3386099611	69.3386099611	45	349.228231433	279.889621472	0.565808095273	0.155038477453	
../sounds/IOWA/piano//Piano.ff.F5.aiff	-330.414163194	330.414163194	57	698.456462866	368.042299672	0.433410181247	0.0992854026506	
../sounds/IOWA/piano//Piano.ff.F6.aiff	-863.201989582	863.201989582	69	1396.91292573	533.71093615	0.44733730741	0.116756516245	
../sounds/IOWA/piano//Piano.ff.F7.aiff	-2381.32481326	2381.32481326	81	2793.82585146	412.501038208	0.354332102382	0.0841054920042	
../sounds/IOWA/piano//Piano.ff.G1.aiff	131.497967588	131.497967588	11	48.9994294977	180.497397086	0.436915486999	0.213275929567	
../sounds/IOWA/piano//Piano.ff.G2.aiff	33.6218022483	33.6218022483	23	97.9988589954	131.620661244	0.528930067867	0.215947766645	
../sounds/IOWA/piano//Piano.ff.G3.aiff	1.15434118036	1.15434118036	35	195.997717991	197.152059171	0.710348285308	0.254528940592	
../sounds/IOWA/piano//Piano.ff.G4.aiff	-82.1142822658	82.1142822658	47	391.995435982	309.881153716	0.58060878032	0.150175806647	
../sounds/IOWA/piano//Piano.ff.G5.aiff	-438.867945442	438.867945442	59	783.990871963	345.122926521	0.360478750855	0.0840761816322	
../sounds/IOWA/piano//Piano.ff.G6.aiff	-955.944473626	955.944473626	71	1567.98174393	612.037270301	0.457954506387	0.118320319306	
../sounds/IOWA/piano//Piano.ff.G7.aiff	-2657.12965071	2657.12965071	83	3135.96348785	478.833837143	0.351836551279	0.0767560464398	
../sounds/IOWA/piano//Piano.ff.Gb1.aiff	104.168739111	104.168739111	10	46.249302839	150.41804195	0.427244765457	0.254776066	
../sounds/IOWA/piano//Piano.ff.Gb2.aiff	40.0677100704	40.0677100704	22	92.4986056779	132.566315748	0.470057330206	0.207642179342	
../sounds/IOWA/piano//Piano.ff.Gb3.aiff	0.726246650142	0.726246650142	34	184.997211356	185.723458006	0.588572560116	0.192535904795	
../sounds/IOWA/piano//Piano.ff.Gb4.aiff	-90.6613236026	90.6613236026	46	369.994422712	279.333099109	0.545943653489	0.179858815284	
../sounds/IOWA/piano//Piano.ff.Gb5.aiff	-356.068168986	356.068168986	58	739.988845423	383.920676437	0.457432073073	0.100076254195	
../sounds/IOWA/piano//Piano.ff.Gb6.aiff	-959.124121203	959.124121203	70	1479.97769085	520.853569643	0.423574016345	0.0989142485275	
../sounds/IOWA/piano//Piano.ff.Gb7.aiff	-2577.99353386	2577.99353386	82	2959.95538169	381.961847836	0.323151409123	0.0777737080869	
../sounds/IOWA/piano//Piano.mf.A1.aiff	122.674709804	122.674709804	13	55.0	177.674709804	0.34212517996	0.171881594204	
../sounds/IOWA/piano//Piano.mf.A2.aiff	31.0694841706	31.0694841706	25	110.0	141.069484171	0.528217319699	0.217134247332	
../sounds/IOWA/piano//Piano.mf.A3.aiff	-35.8043295776	35.8043295776	37	220.0	184.195670422	0.498282063299	0.221928554145	
../sounds/IOWA/piano//Piano.mf.A4.aiff	-151.096292903	151.096292903	49	440.0	288.903707097	0.552576964497	0.214323362651	
../sounds/IOWA/piano//Piano.mf.A5.aiff	-484.120899422	484.120899422	61	880.0	395.879100578	0.526375355735	0.135238419152	
../sounds/IOWA/piano//Piano.mf.A6.aiff	-1306.63784751	1306.63784751	73	1760.0	453.362152491	0.368611763747	0.0916786981763	
../sounds/IOWA/piano//Piano.mf.A7.aiff	-3144.44832744	3144.44832744	85	3520.0	375.551672564	0.288787776482	0.0688020170605	
../sounds/IOWA/piano//Piano.mf.Ab1.aiff	120.806966608	120.806966608	12	51.9130871975	172.720053806	0.347047240701	0.170589510457	
../sounds/IOWA/piano//Piano.mf.Ab2.aiff	41.9346790814	41.9346790814	24	103.826174395	145.760853476	0.528920030065	0.199694616332	
../sounds/IOWA/piano//Piano.mf.Ab3.aiff	-22.2867513345	22.2867513345	36	207.65234879	185.365597455	0.518110764084	0.26072920575	
../sounds/IOWA/piano//Piano.mf.Ab4.aiff	-102.57422636	102.57422636	48	415.30469758	312.73047122	0.633387739871	0.228779363953	
../sounds/IOWA/piano//Piano.mf.Ab5.aiff	-373.922355987	373.922355987	60	830.60939516	456.687039173	0.594447051185	0.161300677047	
../sounds/IOWA/piano//Piano.mf.Ab6.aiff	-1098.14110735	1098.14110735	72	1661.21879032	563.07768297	0.427105056637	0.105901165641	
../sounds/IOWA/piano//Piano.mf.Ab7.aiff	-2934.80207831	2934.80207831	84	3322.43758064	387.635502331	0.304981181205	0.0725733600506	
../sounds/IOWA/piano//Piano.mf.B0.aiff	149.618016219	149.618016219	3	30.8677063285	180.485722547	0.487479586	0.232093685471	
../sounds/IOWA/piano//Piano.mf.B1.aiff	156.91443589	156.91443589	15	61.735412657	218.649848547	0.477193264546	0.216355754771	
../sounds/IOWA/piano//Piano.mf.B2.aiff	59.709848935	59.709848935	27	123.470825314	183.180674249	0.570735883003	0.206988515537	
../sounds/IOWA/piano//Piano.mf.B3.aiff	-45.031836474	45.031836474	39	246.941650628	201.909814154	0.522288534557	0.208451591068	
../sounds/IOWA/piano//Piano.mf.B4.aiff	-160.625421973	160.625421973	51	493.883301256	333.257879283	0.568437133522	0.163524993933	
../sounds/IOWA/piano//Piano.mf.B5.aiff	-535.249905923	535.249905923	63	987.766602512	452.516696589	0.535006270465	0.140898422977	
../sounds/IOWA/piano//Piano.mf.B6.aiff	-1608.46924657	1608.46924657	75	1975.53320502	367.06395845	0.314348480128	0.0769804379317	
../sounds/IOWA/piano//Piano.mf.B7.aiff	-3681.96116317	3681.96116317	87	3951.06641005	269.105246875	0.258449860113	0.0653575732815	
../sounds/IOWA/piano//Piano.mf.Bb1.aiff	128.795978821	128.795978821	14	58.2704701898	187.066449011	0.344064366763	0.158227404011	
../sounds/IOWA/piano//Piano.mf.Bb2.aiff	32.4525826767	32.4525826767	26	116.54094038	148.993523056	0.529937085012	0.203896130782	
../sounds/IOWA/piano//Piano.mf.Bb3.aiff	-27.8200368167	27.8200368167	38	233.081880759	205.261843942	0.606605970094	0.256642020024	
../sounds/IOWA/piano//Piano.mf.Bb4.aiff	-151.817369592	151.817369592	50	466.163761518	314.346391926	0.582018759324	0.205404125255	
../sounds/IOWA/piano//Piano.mf.Bb5.aiff	-560.683862262	560.683862262	62	932.327523036	371.643660774	0.481764548605	0.123881637617	
../sounds/IOWA/piano//Piano.mf.Bb6.aiff	-1329.08720392	1329.08720392	74	1864.65504607	535.56784215	0.391727482714	0.0976261020551	
../sounds/IOWA/piano//Piano.mf.Bb7.aiff	-3434.94955143	3434.94955143	86	3729.31009214	294.360540715	0.268970295003	0.0730170383011	
../sounds/IOWA/piano//Piano.mf.C1.aiff	168.312204226	168.312204226	4	32.7031956626	201.015399888	0.540412366023	0.277904186022	
../sounds/IOWA/piano//Piano.mf.C2.aiff	153.610118134	153.610118134	16	65.4063913251	219.016509459	0.477313169744	0.294677910537	
../sounds/IOWA/piano//Piano.mf.C3.aiff	67.3020991591	67.3020991591	28	130.81278265	198.114881809	0.668041398072	0.223980153473	
../sounds/IOWA/piano//Piano.mf.C4.aiff	-36.1211575112	36.1211575112	40	261.625565301	225.504407789	0.589861927802	0.231893489964	
../sounds/IOWA/piano//Piano.mf.C5.aiff	-176.00610214	176.00610214	52	523.251130601	347.245028461	0.61022263271	0.194045098758	
../sounds/IOWA/piano//Piano.mf.C6.aiff	-639.08567998	639.08567998	64	1046.5022612	407.416581223	0.464952654903	0.180167174714	
../sounds/IOWA/piano//Piano.mf.C7.aiff	-1568.70118628	1568.70118628	76	2093.0045224	524.303336121	0.368940493732	0.08980378317	
../sounds/IOWA/piano//Piano.mf.C8.aiff	-3947.15872866	3947.15872866	88	4186.00904481	238.850316152	0.246575547116	0.0625559138408	
../sounds/IOWA/piano//Piano.mf.D1.aiff	130.649977309	130.649977309	6	36.7080959897	167.358073299	0.35513238466	0.17192669004	
../sounds/IOWA/piano//Piano.mf.D2.aiff	127.739438547	127.739438547	18	73.4161919794	201.155630526	0.413925264911	0.169675703943	
../sounds/IOWA/piano//Piano.mf.D3.aiff	14.6563438171	14.6563438171	30	146.832383959	161.488727776	0.505645711528	0.14320729979	
../sounds/IOWA/piano//Piano.mf.D4.aiff	-73.1540805941	73.1540805941	42	293.664767917	220.510687323	0.48338733484	0.195391190624	
../sounds/IOWA/piano//Piano.mf.D5.aiff	-254.257049879	254.257049879	54	587.329535835	333.072485956	0.554117316561	0.165926739322	
../sounds/IOWA/piano//Piano.mf.D6.aiff	-726.140435673	726.140435673	66	1174.65907167	448.518635997	0.48873961822	0.149283474279	
../sounds/IOWA/piano//Piano.mf.D7.aiff	-2056.8567882	2056.8567882	78	2349.31814334	292.461355135	0.306688703597	0.0754591085741	
../sounds/IOWA/piano//Piano.mf.Db1.aiff	158.34991375	158.34991375	5	34.6478288721	192.997742622	0.450893153468	0.241704212329	
../sounds/IOWA/piano//Piano.mf.Db2.aiff	63.8006796898	63.8006796898	17	69.2956577442	133.096337434	0.37475313308	0.188587501893	
../sounds/IOWA/piano//Piano.mf.Db3.aiff	38.986233431	38.986233431	29	138.591315488	177.577548919	0.482608509974	0.114603581482	
../sounds/IOWA/piano//Piano.mf.Db4.aiff	-50.8309032074	50.8309032074	41	277.182630977	226.35172777	0.564365367814	0.237763822646	
../sounds/IOWA/piano//Piano.mf.Db5.aiff	-200.571271161	200.571271161	53	554.365261954	353.793990792	0.594020420802	0.156898077766	
../sounds/IOWA/piano//Piano.mf.Db6.aiff	-698.775636379	698.775636379	65	1108.73052391	409.954887528	0.458417057054	0.15666665425	
../sounds/IOWA/piano//Piano.mf.Db7.aiff	-1858.06223487	1858.06223487	77	2217.46104781	359.398812941	0.317844009514	0.0772033850629	
../sounds/IOWA/piano//Piano.mf.E1.aiff	166.316737657	166.316737657	8	41.2034446141	207.520182272	0.562367345305	0.236889046252	
../sounds/IOWA/piano//Piano.mf.E2.aiff	148.462754513	148.462754513	20	82.4068892282	230.869643741	0.520021920076	0.165235974781	
../sounds/IOWA/piano//Piano.mf.E3.aiff	4.41637943391	4.41637943391	32	164.813778456	169.23015789	0.646551144913	0.257567954977	
../sounds/IOWA/piano//Piano.mf.E4.aiff	-61.9314861527	61.9314861527	44	329.627556913	267.69607076	0.618848843424	0.235829985719	
../sounds/IOWA/piano//Piano.mf.E5.aiff	-275.395351021	275.395351021	56	659.255113826	383.859762805	0.586331761425	0.168732593048	
../sounds/IOWA/piano//Piano.mf.E6.aiff	-840.347792743	840.347792743	68	1318.51022765	478.162434909	0.47829075853	0.122975110281	
../sounds/IOWA/piano//Piano.mf.E7.aiff	-2294.46557168	2294.46557168	80	2637.0204553	342.554883628	0.31986614787	0.0740556918507	
../sounds/IOWA/piano//Piano.mf.Eb1.aiff	161.560031616	161.560031616	7	38.8908729653	200.450904582	0.586989282386	0.293668607836	
../sounds/IOWA/piano//Piano.mf.Eb2.aiff	145.682999773	145.682999773	19	77.7817459305	223.464745704	0.466038230732	0.162070330131	
../sounds/IOWA/piano//Piano.mf.Eb3.aiff	9.14040359308	9.14040359308	31	155.563491861	164.703895454	0.550251985179	0.229264579861	
../sounds/IOWA/piano//Piano.mf.Eb4.aiff	-79.2903946658	79.2903946658	43	311.126983722	231.836589056	0.506096251321	0.189162635325	
../sounds/IOWA/piano//Piano.mf.Eb5.aiff	-304.36806921	304.36806921	55	622.253967444	317.885898234	0.494429754476	0.138575764899	
../sounds/IOWA/piano//Piano.mf.Eb6.aiff	-796.363200832	796.363200832	67	1244.50793489	448.144734056	0.467018047876	0.134535196438	
../sounds/IOWA/piano//Piano.mf.Eb7.aiff	-2178.00544403	2178.00544403	79	2489.01586978	311.010425744	0.313431163916	0.0867564447138	
../sounds/IOWA/piano//Piano.mf.F1.aiff	175.229237846	175.229237846	9	43.6535289291	218.882766775	0.377657225871	0.215837255092	
../sounds/IOWA/piano//Piano.mf.F2.aiff	51.2193104749	51.2193104749	21	87.3070578583	138.526368333	0.400805411039	0.156594683506	
../sounds/IOWA/piano//Piano.mf.F3.aiff	2.94599003732	2.94599003732	33	174.614115717	177.560105754	0.677612674397	0.399264970959	
../sounds/IOWA/piano//Piano.mf.F4.aiff	-59.6567771626	59.6567771626	45	349.228231433	289.57145427	0.670230071148	0.235595818136	
../sounds/IOWA/piano//Piano.mf.F5.aiff	-332.832129521	332.832129521	57	698.456462866	365.624333345	0.548042332682	0.169245483543	
../sounds/IOWA/piano//Piano.mf.F6.aiff	-921.935296311	921.935296311	69	1396.91292573	474.977629421	0.420118389085	0.107165272713	
../sounds/IOWA/piano//Piano.mf.F7.aiff	-2359.98070462	2359.98070462	81	2793.82585146	433.845146846	0.341676542668	0.078197721341	
../sounds/IOWA/piano//Piano.mf.G1.aiff	132.065577042	132.065577042	11	48.9994294977	181.06500654	0.368929682393	0.200752045689	
../sounds/IOWA/piano//Piano.mf.G2.aiff	29.573333379	29.573333379	23	97.9988589954	127.572192374	0.510946476895	0.186773480995	
../sounds/IOWA/piano//Piano.mf.G3.aiff	-0.889077443818	0.889077443818	35	195.997717991	195.108640547	0.727479081379	0.367185777829	
../sounds/IOWA/piano//Piano.mf.G4.aiff	-88.6169382805	88.6169382805	47	391.995435982	303.378497701	0.649923714158	0.214797491716	
../sounds/IOWA/piano//Piano.mf.G5.aiff	-461.625225919	461.625225919	59	783.990871963	322.365646044	0.423845147987	0.133920053489	
../sounds/IOWA/piano//Piano.mf.G6.aiff	-1011.60600007	1011.60600007	71	1567.98174393	556.37574386	0.436688199319	0.111533090996	
../sounds/IOWA/piano//Piano.mf.G7.aiff	-2791.44526109	2791.44526109	83	3135.96348785	344.518226762	0.283726046586	0.0676003463007	
../sounds/IOWA/piano//Piano.mf.Gb1.aiff	110.245953019	110.245953019	10	46.249302839	156.495255858	0.425858605273	0.266986578004	
../sounds/IOWA/piano//Piano.mf.Gb2.aiff	42.2082811173	42.2082811173	22	92.4986056779	134.706886795	0.437764976911	0.170183426366	
../sounds/IOWA/piano//Piano.mf.Gb3.aiff	-3.83573529039	3.83573529039	34	184.997211356	181.161476065	0.632434129788	0.329041167116	
../sounds/IOWA/piano//Piano.mf.Gb4.aiff	-87.9876882609	87.9876882609	46	369.994422712	282.006734451	0.623778095232	0.271534633113	
../sounds/IOWA/piano//Piano.mf.Gb5.aiff	-340.099660912	340.099660912	58	739.988845423	399.889184512	0.575178328504	0.157284872764	
../sounds/IOWA/piano//Piano.mf.Gb6.aiff	-1014.8459046	1014.8459046	70	1479.97769085	465.131786245	0.405451795558	0.108328046557	
../sounds/IOWA/piano//Piano.pp.A1.aiff	111.879672121	111.879672121	13	55.0	166.879672121	0.289863363208	0.0863210990622	
../sounds/IOWA/piano//Piano.pp.A2.aiff	51.9934419976	51.9934419976	25	110.0	161.993441998	0.434168987712	0.109452589336	
../sounds/IOWA/piano//Piano.pp.A3.aiff	-30.4458808199	30.4458808199	37	220.0	189.55411918	0.385259535645	0.104276493181	
../sounds/IOWA/piano//Piano.pp.A4.aiff	-180.403787311	180.403787311	49	440.0	259.596212689	0.42635131642	0.0901015598761	
../sounds/IOWA/piano//Piano.pp.A5.aiff	-592.712824077	592.712824077	61	880.0	287.287175923	0.371015221184	0.0739418251514	
../sounds/IOWA/piano//Piano.pp.A6.aiff	-1313.56482554	1313.56482554	73	1760.0	446.435174456	0.344815567698	0.0651870740068	
../sounds/IOWA/piano//Piano.pp.A7.aiff	-3302.61817912	3302.61817912	85	3520.0	217.381820879	0.221218143835	0.0471375207968	
../sounds/IOWA/piano//Piano.pp.Ab1.aiff	128.804440291	128.804440291	12	51.9130871975	180.717527489	0.327149123075	0.11178309764	
../sounds/IOWA/piano//Piano.pp.Ab2.aiff	65.1098741798	65.1098741798	24	103.826174395	168.936048575	0.419286718048	0.10688872428	
../sounds/IOWA/piano//Piano.pp.Ab3.aiff	-20.6240594371	20.6240594371	36	207.65234879	187.028289353	0.426417776729	0.123973037543	
../sounds/IOWA/piano//Piano.pp.Ab4.aiff	-155.461414363	155.461414363	48	415.30469758	259.843283217	0.447461875481	0.090731962231	
../sounds/IOWA/piano//Piano.pp.Ab5.aiff	-525.397847027	525.397847027	60	830.60939516	305.211548133	0.382531484554	0.0784958763754	
../sounds/IOWA/piano//Piano.pp.Ab6.aiff	-1270.47797019	1270.47797019	72	1661.21879032	390.740820126	0.318329607854	0.052966497327	
../sounds/IOWA/piano//Piano.pp.Ab7.aiff	-3140.47058136	3140.47058136	84	3322.43758064	181.966999277	0.20973739325	0.0463623725889	
../sounds/IOWA/piano//Piano.pp.B0.aiff	116.082654677	116.082654677	3	30.8677063285	146.950361006	0.442239852822	0.215496916683	
../sounds/IOWA/piano//Piano.pp.B1.aiff	167.700692778	167.700692778	15	61.735412657	229.436105435	0.426121063427	0.147482405379	
../sounds/IOWA/piano//Piano.pp.B2.aiff	38.5971341196	38.5971341196	27	123.470825314	162.067959434	0.531752278759	0.22868310487	
../sounds/IOWA/piano//Piano.pp.B3.aiff	-48.1120405167	48.1120405167	39	246.941650628	198.829610111	0.39519935436	0.101560581342	
../sounds/IOWA/piano//Piano.pp.B4.aiff	-200.402186969	200.402186969	51	493.883301256	293.481114288	0.477150955427	0.103662603946	
../sounds/IOWA/piano//Piano.pp.B5.aiff	-688.094858481	688.094858481	63	987.766602512	299.671744032	0.336027676942	0.0629004974407	
../sounds/IOWA/piano//Piano.pp.B6.aiff	-1717.34885335	1717.34885335	75	1975.53320502	258.184351675	0.237185849843	0.0411037617462	
../sounds/IOWA/piano//Piano.pp.B7.aiff	-3759.12362614	3759.12362614	87	3951.06641005	191.942783911	0.211891138052	0.0435051469247	
../sounds/IOWA/piano//Piano.pp.Bb0.aiff	87.5049683947	87.5049683947	2	29.1352350949	116.64020349	0.320387703795	0.19823968603	
../sounds/IOWA/piano//Piano.pp.Bb1.aiff	135.304302442	135.304302442	14	58.2704701898	193.574772632	0.321046647508	0.104076390143	
../sounds/IOWA/piano//Piano.pp.Bb2.aiff	29.9652985241	29.9652985241	26	116.54094038	146.506238904	0.398533711252	0.185050411324	
../sounds/IOWA/piano//Piano.pp.Bb3.aiff	-34.6970676327	34.6970676327	38	233.081880759	198.384813126	0.47386833296	0.12914791553	
../sounds/IOWA/piano//Piano.pp.Bb4.aiff	-175.108041931	175.108041931	50	466.163761518	291.055719587	0.480405839599	0.121726783084	
../sounds/IOWA/piano//Piano.pp.Bb5.aiff	-625.19660889	625.19660889	62	932.327523036	307.130914146	0.377334677049	0.0833483207691	
../sounds/IOWA/piano//Piano.pp.Bb6.aiff	-1645.85123801	1645.85123801	74	1864.65504607	218.803808067	0.254470456773	0.048238013365	
../sounds/IOWA/piano//Piano.pp.Bb7.aiff	-3529.6925635	3529.6925635	86	3729.31009214	199.617528647	0.212901321883	0.0437753963703	
../sounds/IOWA/piano//Piano.pp.C1.aiff	114.450594967	114.450594967	4	32.7031956626	147.153790629	0.447431006339	0.218668848396	
../sounds/IOWA/piano//Piano.pp.C2.aiff	145.930277545	145.930277545	16	65.4063913251	211.33666887	0.353601104245	0.111358984483	
../sounds/IOWA/piano//Piano.pp.C3.aiff	41.4775804865	41.4775804865	28	130.81278265	172.290363137	0.486477500355	0.167562181111	
../sounds/IOWA/piano//Piano.pp.C4.aiff	-50.9737396082	50.9737396082	40	261.625565301	210.651825692	0.425240580081	0.0917233023042	
../sounds/IOWA/piano//Piano.pp.C5.aiff	-207.151383373	207.151383373	52	523.251130601	316.099747228	0.499355720209	0.111555574416	
../sounds/IOWA/piano//Piano.pp.C6.aiff	-713.764443642	713.764443642	64	1046.5022612	332.737817561	0.357485111455	0.0778249096591	
../sounds/IOWA/piano//Piano.pp.C7.aiff	-1715.31572246	1715.31572246	76	2093.0045224	377.688799943	0.296890214352	0.0521312963413	
../sounds/IOWA/piano//Piano.pp.C8.aiff	-4003.50744485	4003.50744485	88	4186.00904481	182.501599961	0.206679416613	0.0436338834309	
../sounds/IOWA/piano//Piano.pp.D1.aiff	130.927593086	130.927593086	6	36.7080959897	167.635689076	0.360299375314	0.154035501051	
../sounds/IOWA/piano//Piano.pp.D2.aiff	187.046793854	187.046793854	18	73.4161919794	260.462985834	0.407330388899	0.1203786136	
../sounds/IOWA/piano//Piano.pp.D3.aiff	18.4131036234	18.4131036234	30	146.832383959	165.245487582	0.366023514647	0.0993090673737	
../sounds/IOWA/piano//Piano.pp.D4.aiff	-82.8023655814	82.8023655814	42	293.664767917	210.862402336	0.373606167885	0.078872269449	
../sounds/IOWA/piano//Piano.pp.D5.aiff	-298.547739525	298.547739525	54	587.329535835	288.78179631	0.425728521161	0.0740268495237	
../sounds/IOWA/piano//Piano.pp.D6.aiff	-793.596056818	793.596056818	66	1174.65907167	381.063014851	0.397426875003	0.0796191907725	
../sounds/IOWA/piano//Piano.pp.D7.aiff	-2149.65455284	2149.65455284	78	2349.31814334	199.663590495	0.220206850003	0.0428506846134	
../sounds/IOWA/piano//Piano.pp.Db1.aiff	140.455980038	140.455980038	5	34.6478288721	175.10380891	0.334740710156	0.104924433188	
../sounds/IOWA/piano//Piano.pp.Db2.aiff	113.472957508	113.472957508	17	69.2956577442	182.768615253	0.302731362902	0.0685960775331	
../sounds/IOWA/piano//Piano.pp.Db3.aiff	31.6971554133	31.6971554133	29	138.591315488	170.288470902	0.321848387436	0.0952313510116	
../sounds/IOWA/piano//Piano.pp.Db4.aiff	-66.2726481033	66.2726481033	41	277.182630977	210.909982874	0.406777892307	0.11524073258	
../sounds/IOWA/piano//Piano.pp.Db5.aiff	-242.197935413	242.197935413	53	554.365261954	312.167326541	0.45985062107	0.0993256726069	
../sounds/IOWA/piano//Piano.pp.Db6.aiff	-831.356760212	831.356760212	65	1108.73052391	277.373763695	0.311144748603	0.0525760939216	
../sounds/IOWA/piano//Piano.pp.Db7.aiff	-1927.77809455	1927.77809455	77	2217.46104781	289.682953264	0.255835137887	0.0464682435674	
../sounds/IOWA/piano//Piano.pp.E1.aiff	152.154254243	152.154254243	8	41.2034446141	193.357698857	0.459185116262	0.173546940324	
../sounds/IOWA/piano//Piano.pp.E2.aiff	189.811870068	189.811870068	20	82.4068892282	272.218759296	0.511219743227	0.0995844567149	
../sounds/IOWA/piano//Piano.pp.E3.aiff	3.9103504699	3.9103504699	32	164.813778456	168.724128926	0.490176495148	0.162433667938	
../sounds/IOWA/piano//Piano.pp.E4.aiff	-96.5295961354	96.5295961354	44	329.627556913	233.097960777	0.458423109017	0.0992359274615	
../sounds/IOWA/piano//Piano.pp.E5.aiff	-305.175588022	305.175588022	56	659.255113826	354.079525804	0.503983028502	0.105093550814	
../sounds/IOWA/piano//Piano.pp.E6.aiff	-941.173522534	941.173522534	68	1318.51022765	377.336705117	0.368759886947	0.0703724778339	
../sounds/IOWA/piano//Piano.pp.E7.aiff	-2352.17954824	2352.17954824	80	2637.0204553	284.840907059	0.260048704667	0.0465437362699	
../sounds/IOWA/piano//Piano.pp.Eb1.aiff	144.421608624	144.421608624	7	38.8908729653	183.312481589	0.485168872517	0.144899949109	
../sounds/IOWA/piano//Piano.pp.Eb2.aiff	138.139622282	138.139622282	19	77.7817459305	215.921368213	0.348987689933	0.082967385674	
../sounds/IOWA/piano//Piano.pp.Eb3.aiff	8.45576233931	8.45576233931	31	155.563491861	164.0192542	0.501027171533	0.19466930085	
../sounds/IOWA/piano//Piano.pp.Eb4.aiff	-105.003080955	105.003080955	43	311.126983722	206.123902767	0.362216762021	0.0700029838408	
../sounds/IOWA/piano//Piano.pp.Eb5.aiff	-303.039927435	303.039927435	55	622.253967444	319.214040009	0.464793506149	0.104912847305	
../sounds/IOWA/piano//Piano.pp.Eb6.aiff	-857.955065363	857.955065363	67	1244.50793489	386.552869525	0.373193464193	0.0709502547442	
../sounds/IOWA/piano//Piano.pp.Eb7.aiff	-2297.37746312	2297.37746312	79	2489.01586978	191.638406653	0.218109011464	0.0423577201184	
../sounds/IOWA/piano//Piano.pp.F1.aiff	107.749867001	107.749867001	9	43.6535289291	151.40339593	0.334359262761	0.192625458792	
../sounds/IOWA/piano//Piano.pp.F2.aiff	66.4478443828	66.4478443828	21	87.3070578583	153.754902241	0.384863826635	0.116769375781	
../sounds/IOWA/piano//Piano.pp.F3.aiff	0.22376688811	0.22376688811	33	174.614115717	174.837882605	0.516284015857	0.161546823863	
../sounds/IOWA/piano//Piano.pp.F4.aiff	-73.2898849387	73.2898849387	45	349.228231433	275.938346494	0.598606548019	0.127672984612	
../sounds/IOWA/piano//Piano.pp.F5.aiff	-400.486022648	400.486022648	57	698.456462866	297.970440218	0.404937891542	0.0907300837133	
../sounds/IOWA/piano//Piano.pp.F6.aiff	-945.529192634	945.529192634	69	1396.91292573	451.383733098	0.397889332311	0.0764931769451	
../sounds/IOWA/piano//Piano.pp.F7.aiff	-2575.47059611	2575.47059611	81	2793.82585146	218.355255355	0.225028500755	0.0414518590913	
../sounds/IOWA/piano//Piano.pp.G1.aiff	122.502276705	122.502276705	11	48.9994294977	171.501706203	0.308794346947	0.125615126492	
../sounds/IOWA/piano//Piano.pp.G2.aiff	59.8825138119	59.8825138119	23	97.9988589954	157.881372807	0.327533243292	0.0678950014305	
../sounds/IOWA/piano//Piano.pp.G3.aiff	-12.4795837112	12.4795837112	35	195.997717991	183.51813428	0.506310280545	0.144712597868	
../sounds/IOWA/piano//Piano.pp.G4.aiff	-123.447177515	123.447177515	47	391.995435982	268.548258467	0.503921871248	0.128784551099	
../sounds/IOWA/piano//Piano.pp.G5.aiff	-502.53338213	502.53338213	59	783.990871963	281.457489833	0.351021435463	0.0761837483704	
../sounds/IOWA/piano//Piano.pp.G6.aiff	-1254.1332189	1254.1332189	71	1567.98174393	313.84852503	0.276001184547	0.0456433355292	
../sounds/IOWA/piano//Piano.pp.G7.aiff	-2906.52914022	2906.52914022	83	3135.96348785	229.434347635	0.234406600287	0.0464375209381	
../sounds/IOWA/piano//Piano.pp.Gb1.aiff	91.7359320447	91.7359320447	10	46.249302839	137.985234884	0.350485943095	0.205280258956	
../sounds/IOWA/piano//Piano.pp.Gb2.aiff	50.0494467485	50.0494467485	22	92.4986056779	142.548052426	0.358838785909	0.103120152436	
../sounds/IOWA/piano//Piano.pp.Gb3.aiff	-5.96994646657	5.96994646657	34	184.997211356	179.027264889	0.500367280343	0.152114877962	
../sounds/IOWA/piano//Piano.pp.Gb4.aiff	-114.056565964	114.056565964	46	369.994422712	255.937856748	0.487100124865	0.114260997968	
../sounds/IOWA/piano//Piano.pp.Gb5.aiff	-437.510336777	437.510336777	58	739.988845423	302.478508646	0.402948937884	0.0847119179282	
../sounds/IOWA/piano//Piano.pp.Gb6.aiff	-1123.62635728	1123.62635728	70	1479.97769085	356.351333567	0.320103373716	0.0520927659442	
../sounds/IOWA/piano//Piano.pp.Gb7.aiff	-2774.95155343	2774.95155343	82	2959.95538169	185.003828261	0.208044897743	0.0440123350229	
../sounds/IOWA/trumpet//Trumpet.ff.vib.stereo.A3.aiff	-0.480377275516	0.480377275516	37	220.0	219.519622724	0.912857992527	0.918608924212	
../sounds/IOWA/trumpet//Trumpet.ff.vib.stereo.A4.aiff	11.0387889207	11.0387889207	49	440.0	451.038788921	0.951973690529	0.859843868198	
../sounds/IOWA/trumpet//Trumpet.ff.vib.stereo.A5.aiff	3.76004006829	3.76004006829	61	880.0	883.760040068	0.975117468778	0.738248542651	
../sounds/IOWA/trumpet//Trumpet.ff.vib.stereo.Ab3.aiff	1.99198586613	1.99198586613	36	207.65234879	209.644334656	0.905559175581	0.927876495854	
../sounds/IOWA/trumpet//Trumpet.ff.vib.stereo.Ab4.aiff	2.35595258155	2.35595258155	48	415.30469758	417.660650161	0.948059574805	0.846904350634	
../sounds/IOWA/trumpet//Trumpet.ff.vib.stereo.Ab5.aiff	6.48000296042	6.48000296042	60	830.60939516	837.08939812	0.973164586311	0.722468850025	
../sounds/IOWA/trumpet//Trumpet.ff.vib.stereo.B3.aiff	10.4111456447	10.4111456447	39	246.941650628	257.352796273	0.916894848035	0.894329100932	
../sounds/IOWA/trumpet//Trumpet.ff.vib.stereo.B4.aiff	3.04228660992	3.04228660992	51	493.883301256	496.925587866	0.951143176743	0.855513805455	
../sounds/IOWA/trumpet//Trumpet.ff.vib.stereo.B5.aiff	9.40458598288	9.40458598288	63	987.766602512	997.171188495	0.971876883562	0.638947534808	
../sounds/IOWA/trumpet//Trumpet.ff.vib.stereo.Bb3.aiff	8.94862554453	8.94862554453	38	233.081880759	242.030506304	0.918715830975	0.910768793358	
../sounds/IOWA/trumpet//Trumpet.ff.vib.stereo.Bb4.aiff	16.6732358694	16.6732358694	50	466.163761518	482.836997387	0.95361062709	0.819162853939	
../sounds/IOWA/trumpet//Trumpet.ff.vib.stereo.Bb5.aiff	5.56755538985	5.56755538985	62	932.327523036	937.895078426	0.966606307893	0.719862008324	
../sounds/IOWA/trumpet//Trumpet.ff.vib.stereo.C4.aiff	19.1437196758	19.1437196758	40	261.625565301	280.769284976	0.918269209003	0.901875099347	
../sounds/IOWA/trumpet//Trumpet.ff.vib.stereo.C5.aiff	16.774040025	16.774040025	52	523.251130601	540.025170626	0.960212550533	0.834529839981	
../sounds/IOWA/trumpet//Trumpet.ff.vib.stereo.C6.aiff	-9.94810321037	9.94810321037	64	1046.5022612	1036.55415799	0.968378605372	0.570532345615	
../sounds/IOWA/trumpet//Trumpet.ff.vib.stereo.D4.aiff	5.17613728663	5.17613728663	42	293.664767917	298.840905204	0.934178608323	0.905603516072	
../sounds/IOWA/trumpet//Trumpet.ff.vib.stereo.D5.aiff	-4.97679558999	4.97679558999	54	587.329535835	582.352740245	0.967319489331	0.806627575879	
../sounds/IOWA/trumpet//Trumpet.ff.vib.stereo.D6.aiff	-27.2163545701	27.2163545701	66	1174.65907167	1147.4427171	0.964068478703	0.456869271631	
../sounds/IOWA/trumpet//Trumpet.ff.vib.stereo.Db4.aiff	0.899902482914	0.899902482914	41	277.182630977	278.08253346	0.944957551589	0.918847768429	
../sounds/IOWA/trumpet//Trumpet.ff.vib.stereo.Db5.aiff	-0.303551322296	0.303551322296	53	554.365261954	554.061710631	0.960275829409	0.801904462884	
../sounds/IOWA/trumpet//Trumpet.ff.vib.stereo.Db6.aiff	-10.1006173591	10.1006173591	65	1108.73052391	1098.62990655	0.964688393517	0.46860625872	
../sounds/IOWA/trumpet//Trumpet.ff.vib.stereo.E3.aiff	12.3578782684	12.3578782684	32	164.813778456	177.171656725	0.869893604662	0.94066371587	
../sounds/IOWA/trumpet//Trumpet.ff.vib.stereo.E4.aiff	1.24116462949	1.24116462949	44	329.627556913	330.868721542	0.93422237426	0.866142741442	
../sounds/IOWA/trumpet//Trumpet.ff.vib.stereo.E5.aiff	3.0866463539	3.0866463539	56	659.255113826	662.34176018	0.964238582723	0.702307251109	
../sounds/IOWA/trumpet//Trumpet.ff.vib.stereo.Eb4.aiff	-1.08854426253	1.08854426253	43	311.126983722	310.03843946	0.941378332126	0.87620832324	
../sounds/IOWA/trumpet//Trumpet.ff.vib.stereo.Eb5.aiff	15.6019096666	15.6019096666	55	622.253967444	637.855877111	0.959696182756	0.713471521043	
../sounds/IOWA/trumpet//Trumpet.ff.vib.stereo.F3.aiff	4.52897448521	4.52897448521	33	174.614115717	179.143090202	0.866639178508	0.946814499514	
../sounds/IOWA/trumpet//Trumpet.ff.vib.stereo.F4.aiff	-1.67505031457	1.67505031457	45	349.228231433	347.553181118	0.947533287484	0.881339486199	
../sounds/IOWA/trumpet//Trumpet.ff.vib.stereo.F5.aiff	-0.145869296288	0.145869296288	57	698.456462866	698.31059357	0.963721591565	0.666639459354	
../sounds/IOWA/trumpet//Trumpet.ff.vib.stereo.G3.aiff	0.677812309471	0.677812309471	35	195.997717991	196.6755303	0.895035443767	0.938154849634	
../sounds/IOWA/trumpet//Trumpet.ff.vib.stereo.G4.aiff	28.9336238236	28.9336238236	47	391.995435982	420.929059805	0.944939818579	0.840998465224	
../sounds/IOWA/trumpet//Trumpet.ff.vib.stereo.G5.aiff	-5.32830604553	5.32830604553	59	783.990871963	778.662565918	0.967863801122	0.654532347471	
../sounds/IOWA/trumpet//Trumpet.ff.vib.stereo.Gb3.aiff	3.22556729802	3.22556729802	34	184.997211356	188.222778654	0.893508765867	0.954491675063	
../sounds/IOWA/trumpet//Trumpet.ff.vib.stereo.Gb4.aiff	2.8785504385	2.8785504385	46	369.994422712	372.87297315	0.947362754418	0.864675221699	
../sounds/IOWA/trumpet//Trumpet.ff.vib.stereo.Gb5.aiff	-4.18471547232	4.18471547232	58	739.988845423	735.804129951	0.97086298937	0.695553166645	
../sounds/IOWA/xylophone//Xylophone.ff.hardrubber.stereo.A4.aiff	38.8392035037	38.8392035037	49	440.0	478.839203504	0.940144456163	0.127573896523	
../sounds/IOWA/xylophone//Xylophone.ff.hardrubber.stereo.A5.aiff	17.4881591797	17.4881591797	61	880.0	897.48815918	0.953987916311	0.0958335458611	
../sounds/IOWA/xylophone//Xylophone.ff.hardrubber.stereo.A6.aiff	-115.109688895	115.109688895	73	1760.0	1644.8903111	0.960241794586	0.0991972775332	
../sounds/IOWA/xylophone//Xylophone.ff.hardrubber.stereo.A7.aiff	-867.356384277	867.356384277	85	3520.0	2652.64361572	0.960270866752	0.255466556177	
../sounds/IOWA/xylophone//Xylophone.ff.hardrubber.stereo.Ab4.aiff	16.7133492951	16.7133492951	48	415.30469758	432.018046875	0.939116654396	0.138946725093	
../sounds/IOWA/xylophone//Xylophone.ff.hardrubber.stereo.Ab5.aiff	-22.8777839081	22.8777839081	60	830.60939516	807.731611252	0.94216376543	0.0893800301322	
../sounds/IOWA/xylophone//Xylophone.ff.hardrubber.stereo.Ab6.aiff	27.9003503052	27.9003503052	72	1661.21879032	1689.11914062	0.941935390234	0.167217070858	
../sounds/IOWA/xylophone//Xylophone.ff.hardrubber.stereo.Ab7.aiff	-309.957014233	309.957014233	84	3322.43758064	3012.48056641	0.974809849262	0.222777865827	
../sounds/IOWA/xylophone//Xylophone.ff.hardrubber.stereo.B4.aiff	23.7333084176	23.7333084176	51	493.883301256	517.616609674	0.945538123972	0.140045411125	
../sounds/IOWA/xylophone//Xylophone.ff.hardrubber.stereo.B5.aiff	4.89299085798	4.89299085798	63	987.766602512	992.65959337	0.963056428565	0.0993669216211	
../sounds/IOWA/xylophone//Xylophone.ff.hardrubber.stereo.B6.aiff	15.4604015429	15.4604015429	75	1975.53320502	1990.99360657	0.982296094298	0.090090943384	
../sounds/IOWA/xylophone//Xylophone.ff.hardrubber.stereo.B7.aiff	-338.102201065	338.102201065	87	3951.06641005	3612.96420898	0.892634308338	0.345904812217	
../sounds/IOWA/xylophone//Xylophone.ff.hardrubber.stereo.Bb4.aiff	45.4693953946	45.4693953946	50	466.163761518	511.633156913	0.918142638036	0.148418862556	
../sounds/IOWA/xylophone//Xylophone.ff.hardrubber.stereo.Bb5.aiff	108.145821246	108.145821246	62	932.327523036	1040.47334428	0.940802368251	0.133164926305	
../sounds/IOWA/xylophone//Xylophone.ff.hardrubber.stereo.Bb6.aiff	12.6435921655	12.6435921655	74	1864.65504607	1877.29863824	0.990118232038	0.0708417615129	
../sounds/IOWA/xylophone//Xylophone.ff.hardrubber.stereo.Bb7.aiff	-437.956149274	437.956149274	86	3729.31009214	3291.35394287	0.926764577627	0.272477317601	
../sounds/IOWA/xylophone//Xylophone.ff.hardrubber.stereo.C5.aiff	53.5166458881	53.5166458881	52	523.251130601	576.767776489	0.974983899544	0.0961429944728	
../sounds/IOWA/xylophone//Xylophone.ff.hardrubber.stereo.C6.aiff	9.0325230238	9.0325230238	64	1046.5022612	1055.53478423	0.955492873987	0.0857248563053	
../sounds/IOWA/xylophone//Xylophone.ff.hardrubber.stereo.C7.aiff	-160.37958344	160.37958344	76	2093.0045224	1932.62493896	0.979244540135	0.111695603468	
../sounds/IOWA/xylophone//Xylophone.ff.hardrubber.stereo.C8.aiff	-2692.89085023	2692.89085023	88	4186.00904481	1493.11819458	0.684410977364	0.525211811066	
../sounds/IOWA/xylophone//Xylophone.ff.hardrubber.stereo.D5.aiff	161.972927951	161.972927951	54	587.329535835	749.302463786	0.964052885771	0.0918605127061	
../sounds/IOWA/xylophone//Xylophone.ff.hardrubber.stereo.D6.aiff	3.1182002743	3.1182002743	66	1174.65907167	1177.77727194	0.95624016313	0.0975518756382	
../sounds/IOWA/xylophone//Xylophone.ff.hardrubber.stereo.D7.aiff	16.3979908683	16.3979908683	78	2349.31814334	2365.71613421	0.9764006223	0.149128439437	
../sounds/IOWA/xylophone//Xylophone.ff.hardrubber.stereo.Db5.aiff	129.231010833	129.231010833	53	554.365261954	683.596272786	0.965405152904	0.0929789147598	
../sounds/IOWA/xylophone//Xylophone.ff.hardrubber.stereo.Db6.aiff	-23.1257434984	23.1257434984	65	1108.73052391	1085.60478041	0.947802033689	0.10193057441	
../sounds/IOWA/xylophone//Xylophone.ff.hardrubber.stereo.Db7.aiff	37.3885920776	37.3885920776	77	2217.46104781	2254.84963989	0.956691406667	0.163003181107	
../sounds/IOWA/xylophone//Xylophone.ff.hardrubber.stereo.E5.aiff	-13.7956144666	13.7956144666	56	659.255113826	645.459499359	0.952786883887	0.0814538637231	
../sounds/IOWA/xylophone//Xylophone.ff.hardrubber.stereo.E6.aiff	-79.5784771632	79.5784771632	68	1318.51022765	1238.93175049	0.961533625921	0.102932447071	
../sounds/IOWA/xylophone//Xylophone.ff.hardrubber.stereo.E7.aiff	19.3272358243	19.3272358243	80	2637.0204553	2656.34769113	0.975369155407	0.198415314513	
../sounds/IOWA/xylophone//Xylophone.ff.hardrubber.stereo.Eb5.aiff	74.0217475332	74.0217475332	55	622.253967444	696.275714977	0.957158845824	0.0664601325737	
../sounds/IOWA/xylophone//Xylophone.ff.hardrubber.stereo.Eb6.aiff	13.3695065179	13.3695065179	67	1244.50793489	1257.87744141	0.954955987632	0.102442167583	
../sounds/IOWA/xylophone//Xylophone.ff.hardrubber.stereo.Eb7.aiff	8.83210036844	8.83210036844	79	2489.01586978	2497.84797015	0.996271797589	0.0841672186341	
../sounds/IOWA/xylophone//Xylophone.ff.hardrubber.stereo.F4.aiff	33.3404020916	33.3404020916	45	349.228231433	382.568633525	0.946314164003	0.110585575396	
../sounds/IOWA/xylophone//Xylophone.ff.hardrubber.stereo.F5.aiff	-11.1766234563	11.1766234563	57	698.456462866	687.27983941	0.942632341826	0.112548362705	
../sounds/IOWA/xylophone//Xylophone.ff.hardrubber.stereo.F6.aiff	4.85292306356	4.85292306356	69	1396.91292573	1401.7658488	0.961672365665	0.102342564147	
../sounds/IOWA/xylophone//Xylophone.ff.hardrubber.stereo.F7.aiff	15.5583282235	15.5583282235	81	2793.82585146	2809.38417969	0.986358571053	0.188556207716	
../sounds/IOWA/xylophone//Xylophone.ff.hardrubber.stereo.G4.aiff	38.6899543676	38.6899543676	47	391.995435982	430.685390349	0.943780214556	0.112749608504	
../sounds/IOWA/xylophone//Xylophone.ff.hardrubber.stereo.G5.aiff	36.5720441853	36.5720441853	59	783.990871963	820.562916149	0.934282446449	0.0866619769314	
../sounds/IOWA/xylophone//Xylophone.ff.hardrubber.stereo.G6.aiff	-159.002821401	159.002821401	71	1567.98174393	1408.97892253	0.940237641335	0.124072202378	
../sounds/IOWA/xylophone//Xylophone.ff.hardrubber.stereo.G7.aiff	16.7413461304	16.7413461304	83	3135.96348785	3152.70483398	0.951808917522	0.219369874522	
../sounds/IOWA/xylophone//Xylophone.ff.hardrubber.stereo.Gb4.aiff	137.971147177	137.971147177	46	369.994422712	507.965569889	0.937926977288	0.146128065665	
../sounds/IOWA/xylophone//Xylophone.ff.hardrubber.stereo.Gb5.aiff	-25.5525735174	25.5525735174	58	739.988845423	714.436271906	0.954663189128	0.0589685254672	
../sounds/IOWA/xylophone//Xylophone.ff.hardrubber.stereo.Gb6.aiff	16.8855904035	16.8855904035	70	1479.97769085	1496.86328125	0.971891234318	0.09589101444	
../sounds/IOWA/xylophone//Xylophone.ff.hardrubber.stereo.Gb7.aiff	20.2271948043	20.2271948043	82	2959.95538169	2980.1825765	0.993119329214	0.16837914226	
../sounds/IOWA/xylophone//Xylophone.ff.rosewood.stereo.A4.aiff	62.8516235352	62.8516235352	49	440.0	502.851623535	0.96726489593	0.0782566217514	
../sounds/IOWA/xylophone//Xylophone.ff.rosewood.stereo.A5.aiff	197.549497816	197.549497816	61	880.0	1077.54949782	0.981858972046	0.0756465253524	
../sounds/IOWA/xylophone//Xylophone.ff.rosewood.stereo.A6.aiff	-365.09047154	365.09047154	73	1760.0	1394.90952846	0.912194524493	0.171984566642	
../sounds/IOWA/xylophone//Xylophone.ff.rosewood.stereo.A7.aiff	-971.78050014	971.78050014	85	3520.0	2548.21949986	0.9330601011	0.267406958022	
../sounds/IOWA/xylophone//Xylophone.ff.rosewood.stereo.Ab4.aiff	30.3778702173	30.3778702173	48	415.30469758	445.682567797	0.963075573507	0.107172895223	
../sounds/IOWA/xylophone//Xylophone.ff.rosewood.stereo.Ab5.aiff	207.94607732	207.94607732	60	830.60939516	1038.55547248	0.958316816224	0.0648653192135	
../sounds/IOWA/xylophone//Xylophone.ff.rosewood.stereo.Ab6.aiff	31.4789880005	31.4789880005	72	1661.21879032	1692.69777832	0.879213559628	0.197507483512	
../sounds/IOWA/xylophone//Xylophone.ff.rosewood.stereo.Ab7.aiff	45.3581957276	45.3581957276	84	3322.43758064	3367.79577637	0.937889739871	0.254865869414	
../sounds/IOWA/xylophone//Xylophone.ff.rosewood.stereo.B4.aiff	40.4479817481	40.4479817481	51	493.883301256	534.331283004	0.978135486444	0.0767013935234	
../sounds/IOWA/xylophone//Xylophone.ff.rosewood.stereo.B5.aiff	318.58492947	318.58492947	63	987.766602512	1306.35153198	0.977758543832	0.101362079249	
../sounds/IOWA/xylophone//Xylophone.ff.rosewood.stereo.B6.aiff	-1415.46650232	1415.46650232	75	1975.53320502	560.066702706	0.919716204916	0.372133398695	
../sounds/IOWA/xylophone//Xylophone.ff.rosewood.stereo.B7.aiff	86.7489150068	86.7489150068	87	3951.06641005	4037.81532506	0.791913509369	0.321360283132	
../sounds/IOWA/xylophone//Xylophone.ff.rosewood.stereo.Bb4.aiff	130.857431766	130.857431766	50	466.163761518	597.021193284	0.965392286961	0.0815508915828	
../sounds/IOWA/xylophone//Xylophone.ff.rosewood.stereo.Bb5.aiff	13.7387916611	13.7387916611	62	932.327523036	946.066314697	0.956057388335	0.102730857208	
../sounds/IOWA/xylophone//Xylophone.ff.rosewood.stereo.Bb6.aiff	-222.395913687	222.395913687	74	1864.65504607	1642.25913239	0.958410382271	0.0799012322677	
../sounds/IOWA/xylophone//Xylophone.ff.rosewood.stereo.Bb7.aiff	41.6057403748	41.6057403748	86	3729.31009214	3770.91583252	0.965547263622	0.194145227782	
../sounds/IOWA/xylophone//Xylophone.ff.rosewood.stereo.C5.aiff	65.2892513353	65.2892513353	52	523.251130601	588.540381936	0.97766483356	0.0751928851858	
../sounds/IOWA/xylophone//Xylophone.ff.rosewood.stereo.C6.aiff	-23.604647677	23.604647677	64	1046.5022612	1022.89761353	0.966928206384	0.0676333637675	
../sounds/IOWA/xylophone//Xylophone.ff.rosewood.stereo.C7.aiff	18.924310603	18.924310603	76	2093.0045224	2111.92883301	0.944962382317	0.11516443671	
../sounds/IOWA/xylophone//Xylophone.ff.rosewood.stereo.C8.aiff	-731.815386362	731.815386362	88	4186.00904481	3454.19365845	0.805839061737	0.44665838182	
../sounds/IOWA/xylophone//Xylophone.ff.rosewood.stereo.D5.aiff	130.810253453	130.810253453	54	587.329535835	718.139789288	0.984444783284	0.0893624596871	
../sounds/IOWA/xylophone//Xylophone.ff.rosewood.stereo.D6.aiff	-75.7850552746	75.7850552746	66	1174.65907167	1098.87401639	0.969611970278	0.110537875945	
../sounds/IOWA/xylophone//Xylophone.ff.rosewood.stereo.D7.aiff	-183.375780872	183.375780872	78	2349.31814334	2165.94236247	0.930297682683	0.169880732273	
../sounds/IOWA/xylophone//Xylophone.ff.rosewood.stereo.Db5.aiff	114.121438696	114.121438696	53	554.365261954	668.48670065	0.980919714632	0.0631184965244	
../sounds/IOWA/xylophone//Xylophone.ff.rosewood.stereo.Db6.aiff	3.35870949095	3.35870949095	65	1108.73052391	1112.0892334	0.96366998979	0.0825041978221	
../sounds/IOWA/xylophone//Xylophone.ff.rosewood.stereo.Db7.aiff	-819.033130335	819.033130335	77	2217.46104781	1398.42791748	0.82779298226	0.283461814125	
../sounds/IOWA/xylophone//Xylophone.ff.rosewood.stereo.E5.aiff	124.683735487	124.683735487	56	659.255113826	783.938849313	0.980062778507	0.0653191272036	
../sounds/IOWA/xylophone//Xylophone.ff.rosewood.stereo.E6.aiff	-45.3711041163	45.3711041163	68	1318.51022765	1273.13912354	0.938384926319	0.122010704316	
../sounds/IOWA/xylophone//Xylophone.ff.rosewood.stereo.E7.aiff	-127.885396709	127.885396709	80	2637.0204553	2509.13505859	0.901732563972	0.190935058147	
../sounds/IOWA/xylophone//Xylophone.ff.rosewood.stereo.Eb5.aiff	47.9237080003	47.9237080003	55	622.253967444	670.177675445	0.984941546259	0.0648040898337	
../sounds/IOWA/xylophone//Xylophone.ff.rosewood.stereo.Eb6.aiff	-33.5623948937	33.5623948937	67	1244.50793489	1210.94553999	0.950571163134	0.0886149878021	
../sounds/IOWA/xylophone//Xylophone.ff.rosewood.stereo.Eb7.aiff	-200.234680812	200.234680812	79	2489.01586978	2288.78118896	0.988776336114	0.0962156569585	
../sounds/IOWA/xylophone//Xylophone.ff.rosewood.stereo.F4.aiff	32.7582699882	32.7582699882	45	349.228231433	381.986501421	0.944146246782	0.109419413609	
../sounds/IOWA/xylophone//Xylophone.ff.rosewood.stereo.F5.aiff	162.121531344	162.121531344	57	698.456462866	860.57799421	0.984160744009	0.0850470142794	
../sounds/IOWA/xylophone//Xylophone.ff.rosewood.stereo.F6.aiff	-6.19006603149	6.19006603149	69	1396.91292573	1390.7228597	0.948694613245	0.12382288391	
../sounds/IOWA/xylophone//Xylophone.ff.rosewood.stereo.F7.aiff	-357.595346093	357.595346093	81	2793.82585146	2436.23050537	0.957513737679	0.163778651133	
../sounds/IOWA/xylophone//Xylophone.ff.rosewood.stereo.G4.aiff	12.7274803034	12.7274803034	47	391.995435982	404.722916285	0.953867655247	0.0742943755855	
../sounds/IOWA/xylophone//Xylophone.ff.rosewood.stereo.G5.aiff	228.76899778	228.76899778	59	783.990871963	1012.75986974	0.976022930706	0.0758952124263	
../sounds/IOWA/xylophone//Xylophone.ff.rosewood.stereo.G6.aiff	-91.4073333522	91.4073333522	71	1567.98174393	1476.57441057	0.933899189745	0.135729109735	
../sounds/IOWA/xylophone//Xylophone.ff.rosewood.stereo.G7.aiff	-509.531257222	509.531257222	83	3135.96348785	2626.43223063	0.954459140698	0.183168496005	
../sounds/IOWA/xylophone//Xylophone.ff.rosewood.stereo.Gb4.aiff	119.432006851	119.432006851	46	369.994422712	489.426429562	0.948350494955	0.11813471907	
../sounds/IOWA/xylophone//Xylophone.ff.rosewood.stereo.Gb5.aiff	132.690502721	132.690502721	58	739.988845423	872.679348145	0.976994650364	0.0548672134802	
../sounds/IOWA/xylophone//Xylophone.ff.rosewood.stereo.Gb6.aiff	14.6506050519	14.6506050519	70	1479.97769085	1494.6282959	0.95290915966	0.0844345312566	
../sounds/IOWA/xylophone//Xylophone.ff.rosewood.stereo.Gb7.aiff	-227.25119875	227.25119875	82	2959.95538169	2732.70418294	0.984152277311	0.127845428574	
