name,err,absErr,midinote,pTag,pEst,confidence,salience
../sounds/IOWA/cello//Cello.ff.arco.sulA.stereo.A3.aiff	0.812774658203	0.812774658203	37	220.0	220.812774658	0.97577381134	0.696173787117	
../sounds/IOWA/cello//Cello.ff.arco.sulA.stereo.A4.aiff	1.77700805664	1.77700805664	49	440.0	441.777008057	0.997325360775	0.466660439968	
../sounds/IOWA/cello//Cello.ff.arco.sulA.stereo.A5.aiff	3.52581787109	3.52581787109	61	880.0	883.525817871	0.990381479263	0.367810845375	
../sounds/IOWA/cello//Cello.ff.arco.sulA.stereo.Ab5.aiff	21.1287640198	21.1287640198	60	830.60939516	851.73815918	0.941527724266	0.606009066105	
../sounds/IOWA/cello//Cello.ff.arco.sulA.stereo.B4.aiff	-7.09378099245	7.09378099245	51	493.883301256	486.789520264	0.991609871387	0.659748256207	
../sounds/IOWA/cello//Cello.ff.arco.sulA.stereo.Bb3.aiff	-0.0423757541622	0.0423757541622	38	233.081880759	233.039505005	0.981007039547	0.607928752899	
../sounds/IOWA/cello//Cello.ff.arco.sulA.stereo.Bb4.aiff	-5.85721244582	5.85721244582	50	466.163761518	460.306549072	0.988800287247	0.425045341253	
../sounds/IOWA/cello//Cello.ff.arco.sulA.stereo.C4.aiff	-0.865341911927	0.865341911927	40	261.625565301	260.760223389	0.982741832733	0.410186380148	
../sounds/IOWA/cello//Cello.ff.arco.sulA.stereo.C5.aiff	-5.9708571637	5.9708571637	52	523.251130601	517.280273438	0.996085762978	0.463019937277	
../sounds/IOWA/cello//Cello.ff.arco.sulA.stereo.D4.aiff	1.17596084236	1.17596084236	42	293.664767917	294.84072876	0.990958869457	0.520161449909	
../sounds/IOWA/cello//Cello.ff.arco.sulA.stereo.D5.aiff	4.95653594253	4.95653594253	54	587.329535835	592.286071777	0.995577692986	0.298210173845	
../sounds/IOWA/cello//Cello.ff.arco.sulA.stereo.Db4.aiff	-2.30866857453	2.30866857453	41	277.182630977	274.873962402	0.990015566349	0.594436585903	
../sounds/IOWA/cello//Cello.ff.arco.sulA.stereo.Db5.aiff	-2.22713939515	2.22713939515	53	554.365261954	552.138122559	0.99456256628	0.523297965527	
../sounds/IOWA/cello//Cello.ff.arco.sulA.stereo.E5.aiff	11.1117684985	11.1117684985	56	659.255113826	670.366882324	0.998680591583	0.262987494469	
../sounds/IOWA/cello//Cello.ff.arco.sulA.stereo.Eb4.aiff	-2.20364387833	2.20364387833	43	311.126983722	308.923339844	0.996166408062	0.177440449595	
../sounds/IOWA/cello//Cello.ff.arco.sulA.stereo.Eb5.aiff	1.07440169646	1.07440169646	55	622.253967444	623.328369141	0.992821097374	0.551849007607	
../sounds/IOWA/cello//Cello.ff.arco.sulA.stereo.F5.aiff	-336.831523901	336.831523901	57	698.456462866	361.624938965	0.99424892664	0.32292765379	
../sounds/IOWA/cello//Cello.ff.arco.sulA.stereo.G4.aiff	2.32032939911	2.32032939911	47	391.995435982	394.315765381	0.997951567173	0.54317432642	
../sounds/IOWA/cello//Cello.ff.arco.sulA.stereo.Gb4.aiff	-0.729133404994	0.729133404994	46	369.994422712	369.265289307	0.990487217903	0.684746742249	
../sounds/IOWA/cello//Cello.ff.arco.sulA.stereo.Gb5.aiff	38.2043918814	38.2043918814	58	739.988845423	778.193237305	0.989706754684	0.317157715559	
../sounds/IOWA/cello//Cello.ff.arco.sulC.stereo.A2.aiff	1.82670593262	1.82670593262	25	110.0	111.826705933	0.988608598709	0.646626889706	
../sounds/IOWA/cello//Cello.ff.arco.sulC.stereo.A3.aiff	4.89498901367	4.89498901367	37	220.0	224.894989014	0.997890174389	0.355132073164	
../sounds/IOWA/cello//Cello.ff.arco.sulC.stereo.Ab3.aiff	5.17989608307	5.17989608307	36	207.65234879	212.832244873	0.997417986393	0.228985488415	
../sounds/IOWA/cello//Cello.ff.arco.sulC.stereo.B2.aiff	3.08445727874	3.08445727874	27	123.470825314	126.555282593	0.980297923088	0.540763914585	
../sounds/IOWA/cello//Cello.ff.arco.sulC.stereo.B3.aiff	5.2475736151	5.2475736151	39	246.941650628	252.189224243	0.996031403542	0.460158675909	
../sounds/IOWA/cello//Cello.ff.arco.sulC.stereo.Bb2.aiff	2.63463487683	2.63463487683	26	116.54094038	119.175575256	0.980714559555	0.56877720356	
../sounds/IOWA/cello//Cello.ff.arco.sulC.stereo.Bb3.aiff	2.34237461205	2.34237461205	38	233.081880759	235.424255371	0.998178064823	0.65932905674	
../sounds/IOWA/cello//Cello.ff.arco.sulC.stereo.C2.aiff	0.946285066452	0.946285066452	16	65.4063913251	66.3526763916	0.893705308437	0.336155056953	
../sounds/IOWA/cello//Cello.ff.arco.sulC.stereo.C3.aiff	4.59809076279	4.59809076279	28	130.81278265	135.410873413	0.983625590801	0.408146440983	
../sounds/IOWA/cello//Cello.ff.arco.sulC.stereo.C4.aiff	7.56257556854	7.56257556854	40	261.625565301	269.188140869	0.991803884506	0.485964208841	
../sounds/IOWA/cello//Cello.ff.arco.sulC.stereo.D2.aiff	0.877707556781	0.877707556781	18	73.4161919794	74.2938995361	0.958633363247	0.465764045715	
../sounds/IOWA/cello//Cello.ff.arco.sulC.stereo.D3.aiff	4.96316352665	4.96316352665	30	146.832383959	151.795547485	0.991899490356	0.36628729105	
../sounds/IOWA/cello//Cello.ff.arco.sulC.stereo.Db3.aiff	5.9743430809	5.9743430809	29	138.591315488	144.565658569	0.989449739456	0.243647009134	
../sounds/IOWA/cello//Cello.ff.arco.sulC.stereo.E3.aiff	3.62900108458	3.62900108458	32	164.813778456	168.442779541	0.998071312904	0.452973484993	
../sounds/IOWA/cello//Cello.ff.arco.sulC.stereo.Eb2.aiff	0.983406047019	0.983406047019	19	77.7817459305	78.7651519775	0.977777600288	0.510991156101	
../sounds/IOWA/cello//Cello.ff.arco.sulC.stereo.F2.aiff	0.635820864894	0.635820864894	21	87.3070578583	87.9428787231	0.981615245342	0.140242695808	
../sounds/IOWA/cello//Cello.ff.arco.sulC.stereo.G2.aiff	1.02741663933	1.02741663933	23	97.9988589954	99.0262756348	0.985400676727	0.269342333078	
../sounds/IOWA/cello//Cello.ff.arco.sulC.stereo.G3.aiff	5.66298757553	5.66298757553	35	195.997717991	201.660705566	0.998891055584	0.144023805857	
../sounds/IOWA/cello//Cello.ff.arco.sulC.stereo.Gb3.aiff	5.65031061684	5.65031061684	34	184.997211356	190.647521973	0.999321520329	0.612129211426	
../sounds/IOWA/cello//Cello.ff.arco.sulD.stereo.A3.aiff	2.10063171387	2.10063171387	37	220.0	222.100631714	0.980974972248	0.570953726768	
../sounds/IOWA/cello//Cello.ff.arco.sulD.stereo.Ab3.aiff	0.539133753973	0.539133753973	36	207.65234879	208.191482544	0.992940187454	0.228745043278	
../sounds/IOWA/cello//Cello.ff.arco.sulD.stereo.B3.aiff	4.12120032409	4.12120032409	39	246.941650628	251.062850952	0.986909091473	0.496726512909	
../sounds/IOWA/cello//Cello.ff.arco.sulD.stereo.B4.aiff	11.0324091931	11.0324091931	51	493.883301256	504.915710449	0.989225745201	0.334761857986	
../sounds/IOWA/cello//Cello.ff.arco.sulD.stereo.Bb3.aiff	1.91625766869	1.91625766869	38	233.081880759	234.998138428	0.980949282646	0.564934849739	
../sounds/IOWA/cello//Cello.ff.arco.sulD.stereo.Bb4.aiff	-1.51245536575	1.51245536575	50	466.163761518	464.651306152	0.977818965912	0.486775577068	
../sounds/IOWA/cello//Cello.ff.arco.sulD.stereo.D3.aiff	-97.7093599719	97.7093599719	30	146.832383959	49.1230239868	0.974955499172	0.495480597019	
../sounds/IOWA/cello//Cello.ff.arco.sulD.stereo.D4.aiff	5.26610976814	5.26610976814	42	293.664767917	298.930877686	0.990645825863	0.297557175159	
../sounds/IOWA/cello//Cello.ff.arco.sulD.stereo.D5.aiff	17.0352712941	17.0352712941	54	587.329535835	604.364807129	0.964864015579	0.490370213985	
../sounds/IOWA/cello//Cello.ff.arco.sulD.stereo.Db5.aiff	16.824496347	16.824496347	53	554.365261954	571.189758301	0.993223667145	0.174213781953	
../sounds/IOWA/cello//Cello.ff.arco.sulD.stereo.E3.aiff	0.984256211534	0.984256211534	32	164.813778456	165.798034668	0.978282094002	0.39432567358	
../sounds/IOWA/cello//Cello.ff.arco.sulD.stereo.E4.aiff	2.17923630002	2.17923630002	44	329.627556913	331.806793213	0.99248623848	0.645705699921	
../sounds/IOWA/cello//Cello.ff.arco.sulD.stereo.Eb4.aiff	1.52056876815	1.52056876815	43	311.126983722	312.64755249	0.990840256214	0.294074594975	
../sounds/IOWA/cello//Cello.ff.arco.sulD.stereo.F3.aiff	0.383366583303	0.383366583303	33	174.614115717	174.9974823	0.991523683071	0.341722339392	
../sounds/IOWA/cello//Cello.ff.arco.sulD.stereo.F4.aiff	0.401193615824	0.401193615824	45	349.228231433	349.629425049	0.995802044868	0.348855435848	
../sounds/IOWA/cello//Cello.ff.arco.sulD.stereo.G3.aiff	1.13187490463	1.13187490463	35	195.997717991	197.129592896	0.98411244154	0.518365502357	
../sounds/IOWA/cello//Cello.ff.arco.sulD.stereo.G4.aiff	-2.70768573761	2.70768573761	47	391.995435982	389.287750244	0.995670199394	0.488804340363	
../sounds/IOWA/cello//Cello.ff.arco.sulD.stereo.Gb3.aiff	-0.633960623395	0.633960623395	34	184.997211356	184.363250732	0.993314862251	0.443933993578	
../sounds/IOWA/cello//Cello.ff.arco.sulG.stereo.A2.aiff	0.79061126709	0.79061126709	25	110.0	110.790611267	0.986874997616	0.626314222813	
../sounds/IOWA/cello//Cello.ff.arco.sulG.stereo.Ab2.aiff	0.859494550326	0.859494550326	24	103.826174395	104.685668945	0.98141926527	0.646397233009	
../sounds/IOWA/cello//Cello.ff.arco.sulG.stereo.Ab3.aiff	4.69338485261	4.69338485261	36	207.65234879	212.345733643	0.983288288116	0.333675414324	
../sounds/IOWA/cello//Cello.ff.arco.sulG.stereo.B2.aiff	1.24860370208	1.24860370208	27	123.470825314	124.719429016	0.958118319511	0.572142660618	
../sounds/IOWA/cello//Cello.ff.arco.sulG.stereo.B3.aiff	0.143569708852	0.143569708852	39	246.941650628	247.085220337	0.971497058868	0.726569592953	
../sounds/IOWA/cello//Cello.ff.arco.sulG.stereo.Bb2.aiff	0.851904774286	0.851904774286	26	116.54094038	117.392845154	0.978076934814	0.669731914997	
../sounds/IOWA/cello//Cello.ff.arco.sulG.stereo.Bb3.aiff	3.38361911888	3.38361911888	38	233.081880759	236.465499878	0.985923111439	0.613850355148	
../sounds/IOWA/cello//Cello.ff.arco.sulG.stereo.C3.aiff	2.87642633408	2.87642633408	28	130.81278265	133.689208984	0.986902356148	0.635409414768	
../sounds/IOWA/cello//Cello.ff.arco.sulG.stereo.C4.aiff	-2.91972423615	2.91972423615	40	261.625565301	258.705841064	0.986993074417	0.358011960983	
../sounds/IOWA/cello//Cello.ff.arco.sulG.stereo.D3.aiff	2.37020698368	2.37020698368	30	146.832383959	149.202590942	0.997044503689	0.478591442108	
../sounds/IOWA/cello//Cello.ff.arco.sulG.stereo.D4.aiff	-0.640811618579	0.640811618579	42	293.664767917	293.023956299	0.99288880825	0.370649814606	
../sounds/IOWA/cello//Cello.ff.arco.sulG.stereo.Db3.aiff	2.50185467758	2.50185467758	29	138.591315488	141.093170166	0.980986058712	0.538462340832	
../sounds/IOWA/cello//Cello.ff.arco.sulG.stereo.Db4.aiff	-9.1535782425	9.1535782425	41	277.182630977	268.029052734	0.967026948929	0.445973455906	
../sounds/IOWA/cello//Cello.ff.arco.sulG.stereo.F3.aiff	6.23012256475	6.23012256475	33	174.614115717	180.844238281	0.997404515743	0.215373456478	
../sounds/IOWA/cello//Cello.ff.arco.sulG.stereo.G2.aiff	0.759220533371	0.759220533371	23	97.9988589954	98.7580795288	0.996433377266	0.342202037573	
../sounds/IOWA/cello//Cello.ff.arco.sulG.stereo.G3.aiff	4.88256155014	4.88256155014	35	195.997717991	200.880279541	0.991792857647	0.207630261779	
../sounds/IOWA/cello//Cello.ff.pizz.sulA.stereo.A4.aiff	12.790802002	12.790802002	49	440.0	452.790802002	0.917120695114	0.26369291544	
../sounds/IOWA/cello//Cello.ff.pizz.sulA.stereo.A5.aiff	-659.882659912	659.882659912	61	880.0	220.117340088	0.552727341652	0.612770974636	
../sounds/IOWA/cello//Cello.ff.pizz.sulA.stereo.Ab4.aiff	3.78163664857	3.78163664857	48	415.30469758	419.086334229	0.952458500862	0.31197232008	
../sounds/IOWA/cello//Cello.ff.pizz.sulA.stereo.B4.aiff	28.6459345837	28.6459345837	51	493.883301256	522.52923584	0.948464214802	0.202331393957	
../sounds/IOWA/cello//Cello.ff.pizz.sulA.stereo.Bb3.aiff	-0.77629299049	0.77629299049	38	233.081880759	232.305587769	0.937748551369	0.301378816366	
../sounds/IOWA/cello//Cello.ff.pizz.sulA.stereo.Bb4.aiff	18.5339008354	18.5339008354	50	466.163761518	484.697662354	0.897743940353	0.48379021883	
../sounds/IOWA/cello//Cello.ff.pizz.sulA.stereo.C4.aiff	1.2716209787	1.2716209787	40	261.625565301	262.897186279	0.909828364849	0.243145674467	
../sounds/IOWA/cello//Cello.ff.pizz.sulA.stereo.D5.aiff	5.45006621597	5.45006621597	54	587.329535835	592.779602051	0.91862475872	0.203296542168	
../sounds/IOWA/cello//Cello.ff.pizz.sulA.stereo.Db4.aiff	4.06227258758	4.06227258758	41	277.182630977	281.244903564	0.875616133213	0.424029231071	
../sounds/IOWA/cello//Cello.ff.pizz.sulA.stereo.Db5.aiff	5.78909595641	5.78909595641	53	554.365261954	560.15435791	0.970751285553	0.115473553538	
../sounds/IOWA/cello//Cello.ff.pizz.sulA.stereo.E4.aiff	3.6834477258	3.6834477258	44	329.627556913	333.311004639	0.906244754791	0.38198980689	
../sounds/IOWA/cello//Cello.ff.pizz.sulA.stereo.E5.aiff	-6.07963775152	6.07963775152	56	659.255113826	653.175476074	0.787035107613	0.475055366755	
../sounds/IOWA/cello//Cello.ff.pizz.sulA.stereo.Eb4.aiff	1.34356681503	1.34356681503	43	311.126983722	312.470550537	0.949769377708	0.157914593816	
../sounds/IOWA/cello//Cello.ff.pizz.sulA.stereo.Eb5.aiff	-4.40954605744	4.40954605744	55	622.253967444	617.844421387	0.930408298969	0.193795114756	
../sounds/IOWA/cello//Cello.ff.pizz.sulA.stereo.F4.aiff	5.6206760377	5.6206760377	45	349.228231433	354.848907471	0.947434186935	0.23676866293	
../sounds/IOWA/cello//Cello.ff.pizz.sulA.stereo.F5.aiff	-6.98752976054	6.98752976054	57	698.456462866	691.468933105	0.926732301712	0.219419449568	
../sounds/IOWA/cello//Cello.ff.pizz.sulA.stereo.G4.aiff	7.69856426239	7.69856426239	47	391.995435982	399.694000244	0.964358091354	0.170098781586	
../sounds/IOWA/cello//Cello.ff.pizz.sulA.stereo.G5.aiff	11.6688570404	11.6688570404	59	783.990871963	795.659729004	0.739016294479	0.484089642763	
../sounds/IOWA/cello//Cello.ff.pizz.sulA.stereo.Gb4.aiff	8.68712636063	8.68712636063	46	369.994422712	378.681549072	0.939387083054	0.198429852724	
../sounds/IOWA/cello//Cello.ff.pizz.sulC.stereo.A2.aiff	1.55049133301	1.55049133301	25	110.0	111.550491333	0.879540145397	0.397065073252	
../sounds/IOWA/cello//Cello.ff.pizz.sulC.stereo.A3.aiff	0.225433349609	0.225433349609	37	220.0	220.22543335	0.762062907219	0.249723911285	
../sounds/IOWA/cello//Cello.ff.pizz.sulC.stereo.Ab3.aiff	2.50258895417	2.50258895417	36	207.65234879	210.154937744	0.892458498478	0.269160211086	
../sounds/IOWA/cello//Cello.ff.pizz.sulC.stereo.B2.aiff	0.437637210383	0.437637210383	27	123.470825314	123.908462524	0.831409811974	0.325113385916	
../sounds/IOWA/cello//Cello.ff.pizz.sulC.stereo.B3.aiff	2.60768103698	2.60768103698	39	246.941650628	249.549331665	0.675214648247	0.357493847609	
../sounds/IOWA/cello//Cello.ff.pizz.sulC.stereo.Bb3.aiff	-4.62260646705	4.62260646705	38	233.081880759	228.459274292	0.727592349052	0.286386936903	
../sounds/IOWA/cello//Cello.ff.pizz.sulC.stereo.C2.aiff	0.874660310593	0.874660310593	16	65.4063913251	66.2810516357	0.897893428802	0.21490983665	
../sounds/IOWA/cello//Cello.ff.pizz.sulC.stereo.C3.aiff	0.772895450287	0.772895450287	28	130.81278265	131.585678101	0.922645568848	0.290728151798	
../sounds/IOWA/cello//Cello.ff.pizz.sulC.stereo.D2.aiff	1.5300207892	1.5300207892	18	73.4161919794	74.9462127686	0.795424818993	0.34117308259	
../sounds/IOWA/cello//Cello.ff.pizz.sulC.stereo.D3.aiff	2.98922553837	2.98922553837	30	146.832383959	149.821609497	0.867256641388	0.253025323153	
../sounds/IOWA/cello//Cello.ff.pizz.sulC.stereo.Db3.aiff	3.00972821274	3.00972821274	29	138.591315488	141.601043701	0.904425382614	0.290234833956	
../sounds/IOWA/cello//Cello.ff.pizz.sulC.stereo.Eb2.aiff	-0.0842895706569	0.0842895706569	19	77.7817459305	77.6974563599	0.779991090298	0.411471486092	
../sounds/IOWA/cello//Cello.ff.pizz.sulC.stereo.Eb3.aiff	7.87676997978	7.87676997978	31	155.563491861	163.440261841	0.853432416916	0.150599166751	
../sounds/IOWA/cello//Cello.ff.pizz.sulC.stereo.F2.aiff	1.24968957827	1.24968957827	21	87.3070578583	88.5567474365	0.860638022423	0.18797492981	
../sounds/IOWA/cello//Cello.ff.pizz.sulC.stereo.F3.aiff	6.94563770147	6.94563770147	33	174.614115717	181.559753418	0.934989333153	0.0963845327497	
../sounds/IOWA/cello//Cello.ff.pizz.sulC.stereo.G2.aiff	1.25166743279	1.25166743279	23	97.9988589954	99.2505264282	0.89186412096	0.516847133636	
../sounds/IOWA/cello//Cello.ff.pizz.sulC.stereo.G3.aiff	4.80909048081	4.80909048081	35	195.997717991	200.806808472	0.891504943371	0.163535371423	
../sounds/IOWA/cello//Cello.ff.pizz.sulC.stereo.Gb2.aiff	0.873930027658	0.873930027658	22	92.4986056779	93.3725357056	0.866588354111	0.337742358446	
../sounds/IOWA/cello//Cello.ff.pizz.sulD.stereo.A3.aiff	3.26426696777	3.26426696777	37	220.0	223.264266968	0.879584312439	0.340653270483	
../sounds/IOWA/cello//Cello.ff.pizz.sulD.stereo.Ab3.aiff	0.62641402741	0.62641402741	36	207.65234879	208.278762817	0.919369220734	0.309706062078	
../sounds/IOWA/cello//Cello.ff.pizz.sulD.stereo.Ab4.aiff	-10.6235452362	10.6235452362	48	415.30469758	404.681152344	0.7425968647	0.415928900242	
../sounds/IOWA/cello//Cello.ff.pizz.sulD.stereo.B3.aiff	4.4260098944	4.4260098944	39	246.941650628	251.367660522	0.8743942976	0.444795876741	
../sounds/IOWA/cello//Cello.ff.pizz.sulD.stereo.B4.aiff	5.76965284544	5.76965284544	51	493.883301256	499.652954102	0.833080470562	0.355835735798	
../sounds/IOWA/cello//Cello.ff.pizz.sulD.stereo.Bb3.aiff	2.45979099388	2.45979099388	38	233.081880759	235.541671753	0.884205758572	0.326239407063	
../sounds/IOWA/cello//Cello.ff.pizz.sulD.stereo.Bb4.aiff	9.30321846238	9.30321846238	50	466.163761518	475.46697998	0.873502373695	0.357510000467	
../sounds/IOWA/cello//Cello.ff.pizz.sulD.stereo.C4.aiff	7.19361804901	7.19361804901	40	261.625565301	268.81918335	0.801608681679	0.360143840313	
../sounds/IOWA/cello//Cello.ff.pizz.sulD.stereo.C5.aiff	6.71133277771	6.71133277771	52	523.251130601	529.962463379	0.798216044903	0.460448950529	
../sounds/IOWA/cello//Cello.ff.pizz.sulD.stereo.D5.aiff	4.30584014175	4.30584014175	54	587.329535835	591.635375977	0.822226405144	0.37593203783	
../sounds/IOWA/cello//Cello.ff.pizz.sulD.stereo.Db4.aiff	8.59462122039	8.59462122039	41	277.182630977	285.777252197	0.827507376671	0.383490651846	
../sounds/IOWA/cello//Cello.ff.pizz.sulD.stereo.E3.aiff	2.80986351134	2.80986351134	32	164.813778456	167.623641968	0.956416487694	0.341225147247	
../sounds/IOWA/cello//Cello.ff.pizz.sulD.stereo.E4.aiff	1.91492355588	1.91492355588	44	329.627556913	331.542480469	0.779962182045	0.38178050518	
../sounds/IOWA/cello//Cello.ff.pizz.sulD.stereo.Eb3.aiff	2.19061275322	2.19061275322	31	155.563491861	157.754104614	0.953152656555	0.426853448153	
../sounds/IOWA/cello//Cello.ff.pizz.sulD.stereo.Eb4.aiff	1.37637321151	1.37637321151	43	311.126983722	312.503356934	0.858222007751	0.302342623472	
../sounds/IOWA/cello//Cello.ff.pizz.sulD.stereo.F3.aiff	2.29451465459	2.29451465459	33	174.614115717	176.908630371	0.924152255058	0.338783502579	
../sounds/IOWA/cello//Cello.ff.pizz.sulD.stereo.F4.aiff	-0.547689440816	0.547689440816	45	349.228231433	348.680541992	0.911741673946	0.249509871006	
../sounds/IOWA/cello//Cello.ff.pizz.sulD.stereo.G3.aiff	3.97766958237	3.97766958237	35	195.997717991	199.975387573	0.941353797913	0.295323580503	
../sounds/IOWA/cello//Cello.ff.pizz.sulD.stereo.G4.aiff	-3.17176654816	3.17176654816	47	391.995435982	388.823669434	0.88831448555	0.301824629307	
../sounds/IOWA/cello//Cello.ff.pizz.sulD.stereo.Gb3.aiff	3.80808649575	3.80808649575	34	184.997211356	188.805297852	0.932948827744	0.525563955307	
../sounds/IOWA/cello//Cello.ff.pizz.sulG.stereo.A2.aiff	1.20244598389	1.20244598389	25	110.0	111.202445984	0.908135890961	0.47491183877	
../sounds/IOWA/cello//Cello.ff.pizz.sulG.stereo.A3.aiff	4.60214233398	4.60214233398	37	220.0	224.602142334	0.810772716999	0.21274510026	
../sounds/IOWA/cello//Cello.ff.pizz.sulG.stereo.Ab2.aiff	-0.085016863248	0.085016863248	24	103.826174395	103.741157532	0.926282584667	0.541456282139	
../sounds/IOWA/cello//Cello.ff.pizz.sulG.stereo.Ab3.aiff	2.28934737702	2.28934737702	36	207.65234879	209.941696167	0.895015835762	0.25342348218	
../sounds/IOWA/cello//Cello.ff.pizz.sulG.stereo.B3.aiff	2.36199927428	2.36199927428	39	246.941650628	249.303649902	0.784906208515	0.436933159828	
../sounds/IOWA/cello//Cello.ff.pizz.sulG.stereo.Bb2.aiff	1.52272691784	1.52272691784	26	116.54094038	118.063667297	0.929368555546	0.461700201035	
../sounds/IOWA/cello//Cello.ff.pizz.sulG.stereo.Bb3.aiff	6.57917575951	6.57917575951	38	233.081880759	239.661056519	0.85568356514	0.243474334478	
../sounds/IOWA/cello//Cello.ff.pizz.sulG.stereo.C3.aiff	2.42366754501	2.42366754501	28	130.81278265	133.236450195	0.891347885132	0.445122033358	
../sounds/IOWA/cello//Cello.ff.pizz.sulG.stereo.C4.aiff	6.20292591034	6.20292591034	40	261.625565301	267.828491211	0.823451399803	0.363820225	
../sounds/IOWA/cello//Cello.ff.pizz.sulG.stereo.D3.aiff	3.55004707157	3.55004707157	30	146.832383959	150.38243103	0.953331828117	0.323761492968	
../sounds/IOWA/cello//Cello.ff.pizz.sulG.stereo.D4.aiff	2.36767226814	2.36767226814	42	293.664767917	296.032440186	0.845806837082	0.433197230101	
../sounds/IOWA/cello//Cello.ff.pizz.sulG.stereo.Db3.aiff	1.90718915024	1.90718915024	29	138.591315488	140.498504639	0.916162192822	0.371944636106	
../sounds/IOWA/cello//Cello.ff.pizz.sulG.stereo.Db4.aiff	6.1329818161	6.1329818161	41	277.182630977	283.315612793	0.925014913082	0.469296425581	
../sounds/IOWA/cello//Cello.ff.pizz.sulG.stereo.E3.aiff	3.11145347716	3.11145347716	32	164.813778456	167.925231934	0.948582947254	0.184128940105	
../sounds/IOWA/cello//Cello.ff.pizz.sulG.stereo.E4.aiff	-8.21627151248	8.21627151248	44	329.627556913	321.4112854	0.827468514442	0.391343742609	
../sounds/IOWA/cello//Cello.ff.pizz.sulG.stereo.Eb3.aiff	2.54841609794	2.54841609794	31	155.563491861	158.111907959	0.944026231766	0.162335395813	
../sounds/IOWA/cello//Cello.ff.pizz.sulG.stereo.Eb4.aiff	-7.73422249161	7.73422249161	43	311.126983722	303.39276123	0.769161820412	0.372228771448	
../sounds/IOWA/cello//Cello.ff.pizz.sulG.stereo.F3.aiff	3.77890491338	3.77890491338	33	174.614115717	178.39302063	0.928417086601	0.201902598143	
../sounds/IOWA/cello//Cello.ff.pizz.sulG.stereo.F4.aiff	-9.99861717519	9.99861717519	45	349.228231433	339.229614258	0.748467743397	0.361390173435	
../sounds/IOWA/cello//Cello.ff.pizz.sulG.stereo.G2.aiff	1.47622340202	1.47622340202	23	97.9988589954	99.4750823975	0.941011071205	0.593814015388	
../sounds/IOWA/marimba//Marimba.ff.rubber.stereo.A2.aiff	-54.3566169739	54.3566169739	25	110.0	55.6433830261	0.653541326523	0.270003378391	
../sounds/IOWA/marimba//Marimba.ff.rubber.stereo.A3.aiff	0.264831542969	0.264831542969	37	220.0	220.264831543	0.96652162075	0.0806680843234	
../sounds/IOWA/marimba//Marimba.ff.rubber.stereo.A4.aiff	3.03833007812	3.03833007812	49	440.0	443.038330078	0.995767533779	0.0287760011852	
../sounds/IOWA/marimba//Marimba.ff.rubber.stereo.A6.aiff	31.2875976562	31.2875976562	73	1760.0	1791.28759766	0.972544908524	0.330381065607	
../sounds/IOWA/marimba//Marimba.ff.rubber.stereo.Ab3.aiff	1.45432540436	1.45432540436	36	207.65234879	209.106674194	0.946580290794	0.120695486665	
../sounds/IOWA/marimba//Marimba.ff.rubber.stereo.Ab4.aiff	1.4921163849	1.4921163849	48	415.30469758	416.796813965	0.99670279026	0.0155634097755	
../sounds/IOWA/marimba//Marimba.ff.rubber.stereo.B2.aiff	1.05023944427	1.05023944427	27	123.470825314	124.521064758	0.850658774376	0.256303191185	
../sounds/IOWA/marimba//Marimba.ff.rubber.stereo.B3.aiff	-2.2079164972	2.2079164972	39	246.941650628	244.733734131	0.963485181332	0.112957619131	
../sounds/IOWA/marimba//Marimba.ff.rubber.stereo.B4.aiff	4.34924268919	4.34924268919	51	493.883301256	498.232543945	0.988660752773	0.0979783162475	
../sounds/IOWA/marimba//Marimba.ff.rubber.stereo.B5.aiff	22.6594839135	22.6594839135	63	987.766602512	1010.42608643	0.930483520031	0.440139830112	
../sounds/IOWA/marimba//Marimba.ff.rubber.stereo.B6.aiff	35.3813457568	35.3813457568	75	1975.53320502	2010.91455078	0.937501966953	0.485421776772	
../sounds/IOWA/marimba//Marimba.ff.rubber.stereo.Bb2.aiff	0.894316578485	0.894316578485	26	116.54094038	117.435256958	0.762391746044	0.164647087455	
../sounds/IOWA/marimba//Marimba.ff.rubber.stereo.Bb3.aiff	2.79343967553	2.79343967553	38	233.081880759	235.875320435	0.946235120296	0.102352127433	
../sounds/IOWA/marimba//Marimba.ff.rubber.stereo.Bb4.aiff	2.56539497605	2.56539497605	50	466.163761518	468.729156494	0.985408008099	0.154025241733	
../sounds/IOWA/marimba//Marimba.ff.rubber.stereo.C2.aiff	632.285686312	632.285686312	16	65.4063913251	697.692077637	0.570324540138	0.200699582696	
../sounds/IOWA/marimba//Marimba.ff.rubber.stereo.C4.aiff	0.794722785339	0.794722785339	40	261.625565301	262.420288086	0.978464126587	0.084465071559	
../sounds/IOWA/marimba//Marimba.ff.rubber.stereo.C5.aiff	4.68765113708	4.68765113708	52	523.251130601	527.938781738	0.979361414909	0.0607943348587	
../sounds/IOWA/marimba//Marimba.ff.rubber.stereo.C6.aiff	11.0475434851	11.0475434851	64	1046.5022612	1057.54980469	0.987539589405	0.149696603417	
../sounds/IOWA/marimba//Marimba.ff.rubber.stereo.C7.aiff	27.8345889233	27.8345889233	76	2093.0045224	2120.83911133	0.992174446583	0.125917747617	
../sounds/IOWA/marimba//Marimba.ff.rubber.stereo.D2.aiff	666.834601478	666.834601478	18	73.4161919794	740.250793457	0.940643906593	0.40843591094	
../sounds/IOWA/marimba//Marimba.ff.rubber.stereo.D3.aiff	1349.7623426	1349.7623426	30	146.832383959	1496.59472656	0.889513254166	0.292712211609	
../sounds/IOWA/marimba//Marimba.ff.rubber.stereo.D4.aiff	0.0618861353268	0.0618861353268	42	293.664767917	293.726654053	0.98655962944	0.0379352085292	
../sounds/IOWA/marimba//Marimba.ff.rubber.stereo.D5.aiff	6.29332793472	6.29332793472	54	587.329535835	593.62286377	0.968248009682	0.0723348483443	
../sounds/IOWA/marimba//Marimba.ff.rubber.stereo.D6.aiff	12.4234478616	12.4234478616	66	1174.65907167	1187.08251953	0.986040771008	0.167862728238	
../sounds/IOWA/marimba//Marimba.ff.rubber.stereo.Db3.aiff	1.19681622543	1.19681622543	29	138.591315488	139.788131714	0.937685728073	0.213890150189	
../sounds/IOWA/marimba//Marimba.ff.rubber.stereo.Db4.aiff	2.02308801727	2.02308801727	41	277.182630977	279.205718994	0.987692713737	0.0366438478231	
../sounds/IOWA/marimba//Marimba.ff.rubber.stereo.Db5.aiff	5.46127613219	5.46127613219	53	554.365261954	559.826538086	0.990203201771	0.0264704823494	
../sounds/IOWA/marimba//Marimba.ff.rubber.stereo.Db6.aiff	10.9404966003	10.9404966003	65	1108.73052391	1119.67102051	0.988522529602	0.129787936807	
../sounds/IOWA/marimba//Marimba.ff.rubber.stereo.E2.aiff	736.510591241	736.510591241	20	82.4068892282	818.917480469	0.912936329842	0.370117664337	
../sounds/IOWA/marimba//Marimba.ff.rubber.stereo.E3.aiff	0.83262962462	0.83262962462	32	164.813778456	165.646408081	0.917652606964	0.263640135527	
../sounds/IOWA/marimba//Marimba.ff.rubber.stereo.E4.aiff	-163.583291166	163.583291166	44	329.627556913	166.044265747	0.971517980099	0.0550436116755	
../sounds/IOWA/marimba//Marimba.ff.rubber.stereo.E5.aiff	-3.73027251715	3.73027251715	56	659.255113826	655.524841309	0.928982317448	0.239895120263	
../sounds/IOWA/marimba//Marimba.ff.rubber.stereo.Eb3.aiff	0.381637533491	0.381637533491	31	155.563491861	155.945129395	0.797851681709	0.146944597363	
../sounds/IOWA/marimba//Marimba.ff.rubber.stereo.Eb4.aiff	1.92944327987	1.92944327987	43	311.126983722	313.056427002	0.970515966415	0.118697278202	
../sounds/IOWA/marimba//Marimba.ff.rubber.stereo.Eb5.aiff	4.53698714568	4.53698714568	55	622.253967444	626.79095459	0.978989720345	0.0760206952691	
../sounds/IOWA/marimba//Marimba.ff.rubber.stereo.F2.aiff	773.211557864	773.211557864	21	87.3070578583	860.518615723	0.883994460106	0.370969742537	
../sounds/IOWA/marimba//Marimba.ff.rubber.stereo.F3.aiff	1.36868762822	1.36868762822	33	174.614115717	175.982803345	0.904386758804	0.191440030932	
../sounds/IOWA/marimba//Marimba.ff.rubber.stereo.F5.aiff	5.4274482668	5.4274482668	57	698.456462866	703.883911133	0.991021037102	0.0705936476588	
../sounds/IOWA/marimba//Marimba.ff.rubber.stereo.G3.aiff	1.07190786362	1.07190786362	35	195.997717991	197.069625854	0.937321960926	0.168534398079	
../sounds/IOWA/marimba//Marimba.ff.rubber.stereo.G5.aiff	2.33267539978	2.33267539978	59	783.990871963	786.323547363	0.980757176876	0.123614624143	
../sounds/IOWA/marimba//Marimba.ff.rubber.stereo.G6.aiff	7.97687423707	7.97687423707	71	1567.98174393	1575.95861816	0.949243843555	0.379378408194	
../sounds/IOWA/marimba//Marimba.ff.rubber.stereo.Gb2.aiff	850.985281041	850.985281041	22	92.4986056779	943.483886719	0.897503197193	0.320162773132	
../sounds/IOWA/marimba//Marimba.ff.rubber.stereo.Gb3.aiff	1.91430292641	1.91430292641	34	184.997211356	186.911514282	0.954000115395	0.117325983942	
../sounds/IOWA/marimba//Marimba.ff.rubber.stereo.Gb5.aiff	2.16081277986	2.16081277986	58	739.988845423	742.149658203	0.987972140312	0.0813187509775	
../sounds/IOWA/marimba//Marimba.ff.rubber.stereo.Gb6.aiff	12.7658394269	12.7658394269	70	1479.97769085	1492.74353027	0.988875567913	0.200830236077	
../sounds/IOWA/piano//Piano.ff.A0.aiff	4.62180709839	4.62180709839	1	27.5	32.1218070984	0.534788250923	0.224083021283	
../sounds/IOWA/piano//Piano.ff.A1.aiff	0.797874450684	0.797874450684	13	55.0	55.7978744507	0.655040025711	0.34105822444	
../sounds/IOWA/piano//Piano.ff.A2.aiff	0.790008544922	0.790008544922	25	110.0	110.790008545	0.959599137306	0.662152528763	
../sounds/IOWA/piano//Piano.ff.A3.aiff	1.6016998291	1.6016998291	37	220.0	221.601699829	0.971765458584	0.601415097713	
../sounds/IOWA/piano//Piano.ff.A4.aiff	2.52017211914	2.52017211914	49	440.0	442.520172119	0.979614078999	0.50109732151	
../sounds/IOWA/piano//Piano.ff.A5.aiff	6.01971435547	6.01971435547	61	880.0	886.019714355	0.977833867073	0.166290670633	
../sounds/IOWA/piano//Piano.ff.A6.aiff	18.3796386719	18.3796386719	73	1760.0	1778.37963867	0.921991825104	0.241752654314	
../sounds/IOWA/piano//Piano.ff.A7.aiff	-3118.57827759	3118.57827759	85	3520.0	401.421722412	0.625808596611	0.421528309584	
../sounds/IOWA/piano//Piano.ff.Ab1.aiff	0.62306850319	0.62306850319	12	51.9130871975	52.5361557007	0.703090906143	0.29042199254	
../sounds/IOWA/piano//Piano.ff.Ab2.aiff	0.893544538119	0.893544538119	24	103.826174395	104.719718933	0.921797156334	0.565179526806	
../sounds/IOWA/piano//Piano.ff.Ab3.aiff	1.8649851944	1.8649851944	36	207.65234879	209.517333984	0.963724672794	0.459397286177	
../sounds/IOWA/piano//Piano.ff.Ab5.aiff	4.9217327698	4.9217327698	60	830.60939516	835.53112793	0.976564586163	0.162562400103	
../sounds/IOWA/piano//Piano.ff.Ab6.aiff	16.6739098755	16.6739098755	72	1661.21879032	1677.8927002	0.988802552223	0.0677441507578	
../sounds/IOWA/piano//Piano.ff.Ab7.aiff	-1632.51790291	1632.51790291	84	3322.43758064	1689.91967773	0.647199928761	0.414602041245	
../sounds/IOWA/piano//Piano.ff.B1.aiff	0.815044343717	0.815044343717	15	61.735412657	62.5504570007	0.734093606472	0.409823715687	
../sounds/IOWA/piano//Piano.ff.B2.aiff	0.732574344172	0.732574344172	27	123.470825314	124.203399658	0.965464055538	0.408427655697	
../sounds/IOWA/piano//Piano.ff.B3.aiff	2.09094214538	2.09094214538	39	246.941650628	249.032592773	0.972417831421	0.54440587759	
../sounds/IOWA/piano//Piano.ff.B4.aiff	3.18865919309	3.18865919309	51	493.883301256	497.071960449	0.995371341705	0.0786779969931	
../sounds/IOWA/piano//Piano.ff.B5.aiff	6.4614248315	6.4614248315	63	987.766602512	994.228027344	0.989450097084	0.0678176134825	
../sounds/IOWA/piano//Piano.ff.B6.aiff	-1310.85266303	1310.85266303	75	1975.53320502	664.680541992	0.886317849159	0.225345522165	
../sounds/IOWA/piano//Piano.ff.B7.aiff	-3547.14523695	3547.14523695	87	3951.06641005	403.921173096	0.755125463009	0.369373947382	
../sounds/IOWA/piano//Piano.ff.Bb0.aiff	10.6691357852	10.6691357852	2	29.1352350949	39.8043708801	0.593913674355	0.198982730508	
../sounds/IOWA/piano//Piano.ff.Bb1.aiff	-29.10760169	29.10760169	14	58.2704701898	29.1628684998	0.751960575581	0.361954301596	
../sounds/IOWA/piano//Piano.ff.Bb2.aiff	1.01741685925	1.01741685925	26	116.54094038	117.558357239	0.938870310783	0.622572660446	
../sounds/IOWA/piano//Piano.ff.Bb3.aiff	2.65168552513	2.65168552513	38	233.081880759	235.733566284	0.963393986225	0.44691836834	
../sounds/IOWA/piano//Piano.ff.Bb4.aiff	6.53789863816	6.53789863816	50	466.163761518	472.701660156	0.958025336266	0.458003968	
../sounds/IOWA/piano//Piano.ff.Bb5.aiff	8.65837784273	8.65837784273	62	932.327523036	940.985900879	0.978593826294	0.142069622874	
../sounds/IOWA/piano//Piano.ff.Bb6.aiff	-922.511064139	922.511064139	74	1864.65504607	942.143981934	0.875715374947	0.306046456099	
../sounds/IOWA/piano//Piano.ff.Bb7.aiff	-2443.91397398	2443.91397398	86	3729.31009214	1285.39611816	0.694143593311	0.4358112216	
../sounds/IOWA/piano//Piano.ff.C1.aiff	7.10312071316	7.10312071316	4	32.7031956626	39.8063163757	0.591675639153	0.187576919794	
../sounds/IOWA/piano//Piano.ff.C2.aiff	0.0876043413543	0.0876043413543	16	65.4063913251	65.4939956665	0.795110940933	0.387987583876	
../sounds/IOWA/piano//Piano.ff.C4.aiff	2.77241443573	2.77241443573	40	261.625565301	264.397979736	0.978902757168	0.423311561346	
../sounds/IOWA/piano//Piano.ff.C5.aiff	2.6492600238	2.6492600238	52	523.251130601	525.900390625	0.993324160576	0.228652954102	
../sounds/IOWA/piano//Piano.ff.C6.aiff	5.05938430542	5.05938430542	64	1046.5022612	1051.56164551	0.966609656811	0.128870531917	
../sounds/IOWA/piano//Piano.ff.C7.aiff	-1035.60840424	1035.60840424	76	2093.0045224	1057.39611816	0.955725312233	0.123522438109	
../sounds/IOWA/piano//Piano.ff.C8.aiff	-3794.52344911	3794.52344911	88	4186.00904481	391.485595703	0.44710958004	0.539485991001	
../sounds/IOWA/piano//Piano.ff.D1.aiff	0.649676837472	0.649676837472	6	36.7080959897	37.3577728271	0.525758206844	0.285327523947	
../sounds/IOWA/piano//Piano.ff.D2.aiff	0.424330786761	0.424330786761	18	73.4161919794	73.8405227661	0.864389777184	0.376559883356	
../sounds/IOWA/piano//Piano.ff.D3.aiff	0.98396125614	0.98396125614	30	146.832383959	147.816345215	0.971632480621	0.525661408901	
../sounds/IOWA/piano//Piano.ff.D4.aiff	1.97253066658	1.97253066658	42	293.664767917	295.637298584	0.982088983059	0.557159781456	
../sounds/IOWA/piano//Piano.ff.D5.aiff	2.95305693862	2.95305693862	54	587.329535835	590.282592773	0.985560595989	0.198252514005	
../sounds/IOWA/piano//Piano.ff.D6.aiff	8.14061094756	8.14061094756	66	1174.65907167	1182.79968262	0.992775380611	0.0736459940672	
../sounds/IOWA/piano//Piano.ff.D7.aiff	-1165.07827518	1165.07827518	78	2349.31814334	1184.23986816	0.957228243351	0.204233750701	
../sounds/IOWA/piano//Piano.ff.Db1.aiff	155.626325791	155.626325791	5	34.6478288721	190.274154663	0.426087915897	0.23270213604	
../sounds/IOWA/piano//Piano.ff.Db2.aiff	0.863262543868	0.863262543868	17	69.2956577442	70.1589202881	0.710748314857	0.30931442976	
../sounds/IOWA/piano//Piano.ff.Db3.aiff	1.24573590317	1.24573590317	29	138.591315488	139.837051392	0.968627393246	0.398274362087	
../sounds/IOWA/piano//Piano.ff.Db4.aiff	2.47038415985	2.47038415985	41	277.182630977	279.653015137	0.987489402294	0.570385217667	
../sounds/IOWA/piano//Piano.ff.Db6.aiff	7.90717140501	7.90717140501	65	1108.73052391	1116.63769531	0.962584614754	0.2087803334	
../sounds/IOWA/piano//Piano.ff.Db7.aiff	-1094.16527145	1094.16527145	77	2217.46104781	1123.29577637	0.915789663792	0.282191306353	
../sounds/IOWA/piano//Piano.ff.E1.aiff	-20.5281325719	20.5281325719	8	41.2034446141	20.6753120422	0.694903075695	0.233712315559	
../sounds/IOWA/piano//Piano.ff.E2.aiff	1.02952739776	1.02952739776	20	82.4068892282	83.436416626	0.844470620155	0.404066115618	
../sounds/IOWA/piano//Piano.ff.E3.aiff	1.39755577208	1.39755577208	32	164.813778456	166.211334229	0.983310043812	0.675119817257	
../sounds/IOWA/piano//Piano.ff.E4.aiff	2.51184738401	2.51184738401	44	329.627556913	332.139404297	0.979630172253	0.381020754576	
../sounds/IOWA/piano//Piano.ff.E5.aiff	3.26685883051	3.26685883051	56	659.255113826	662.521972656	0.995391011238	0.17096632719	
../sounds/IOWA/piano//Piano.ff.E6.aiff	7.34389832508	7.34389832508	68	1318.51022765	1325.85412598	0.995524704456	0.0448288246989	
../sounds/IOWA/piano//Piano.ff.E7.aiff	-1301.92157835	1301.92157835	80	2637.0204553	1335.09887695	0.936482489109	0.264211595058	
../sounds/IOWA/piano//Piano.ff.Eb1.aiff	0.636196126537	0.636196126537	7	38.8908729653	39.5270690918	0.517131686211	0.246772035956	
../sounds/IOWA/piano//Piano.ff.Eb2.aiff	1.01337430874	1.01337430874	19	77.7817459305	78.7951202393	0.815661668777	0.428158372641	
../sounds/IOWA/piano//Piano.ff.Eb3.aiff	1.29046626884	1.29046626884	31	155.563491861	156.85395813	0.969179749489	0.61026185751	
../sounds/IOWA/piano//Piano.ff.Eb4.aiff	2.79986564315	2.79986564315	43	311.126983722	313.926849365	0.97366386652	0.402302384377	
../sounds/IOWA/piano//Piano.ff.Eb5.aiff	2.49475081756	2.49475081756	55	622.253967444	624.748718262	0.990637421608	0.181416124105	
../sounds/IOWA/piano//Piano.ff.Eb6.aiff	10.6956783929	10.6956783929	67	1244.50793489	1255.20361328	0.990370571613	0.0771120265126	
../sounds/IOWA/piano//Piano.ff.Eb7.aiff	-1232.71679751	1232.71679751	79	2489.01586978	1256.29907227	0.864369630814	0.501099407673	
../sounds/IOWA/piano//Piano.ff.F1.aiff	0.43414425813	0.43414425813	9	43.6535289291	44.0876731873	0.673902750015	0.215651899576	
../sounds/IOWA/piano//Piano.ff.F2.aiff	0.851023196437	0.851023196437	21	87.3070578583	88.1580810547	0.920924067497	0.273347139359	
../sounds/IOWA/piano//Piano.ff.F3.aiff	1.25438403936	1.25438403936	33	174.614115717	175.868499756	0.983725607395	0.529713094234	
../sounds/IOWA/piano//Piano.ff.F4.aiff	3.26197242442	3.26197242442	45	349.228231433	352.490203857	0.986161589622	0.233331993222	
../sounds/IOWA/piano//Piano.ff.F7.aiff	-1389.26457217	1389.26457217	81	2793.82585146	1404.5612793	0.775846242905	0.493360579014	
../sounds/IOWA/piano//Piano.ff.G1.aiff	0.636434760094	0.636434760094	11	48.9994294977	49.6358642578	0.746235609055	0.299572944641	
../sounds/IOWA/piano//Piano.ff.G2.aiff	0.878559522629	0.878559522629	23	97.9988589954	98.8774185181	0.898025751114	0.412876486778	
../sounds/IOWA/piano//Piano.ff.G4.aiff	3.79417583466	3.79417583466	47	391.995435982	395.789611816	0.983951508999	0.317917913198	
../sounds/IOWA/piano//Piano.ff.G5.aiff	2.29159873963	2.29159873963	59	783.990871963	786.282470703	0.91271340847	0.256567984819	
../sounds/IOWA/piano//Piano.ff.G7.aiff	-1543.72484039	1543.72484039	83	3135.96348785	1592.23864746	0.836568713188	0.318323940039	
../sounds/IOWA/piano//Piano.ff.Gb1.aiff	0.722140337315	0.722140337315	10	46.249302839	46.9714431763	0.653593063354	0.214433133602	
../sounds/IOWA/piano//Piano.ff.Gb2.aiff	0.618314793283	0.618314793283	22	92.4986056779	93.1169204712	0.876764416695	0.302618205547	
../sounds/IOWA/piano//Piano.ff.Gb3.aiff	1.35912714516	1.35912714516	34	184.997211356	186.356338501	0.9757989645	0.628074288368	
../sounds/IOWA/piano//Piano.ff.Gb4.aiff	2.39998646805	2.39998646805	46	369.994422712	372.39440918	0.976811587811	0.496838927269	
../sounds/IOWA/piano//Piano.ff.Gb5.aiff	1.38755838532	1.38755838532	58	739.988845423	741.376403809	0.991625070572	0.140435799956	
../sounds/IOWA/piano//Piano.ff.Gb6.aiff	6.44235309877	6.44235309877	70	1479.97769085	1486.42004395	0.953276395798	0.13597676158	
../sounds/IOWA/piano//Piano.ff.Gb7.aiff	-1469.77862388	1469.77862388	82	2959.95538169	1490.17675781	0.536704957485	0.582825064659	
../sounds/IOWA/piano//Piano.mf.A1.aiff	0.55192565918	0.55192565918	13	55.0	55.5519256592	0.805231392384	0.313265472651	
../sounds/IOWA/piano//Piano.mf.A2.aiff	0.544891357422	0.544891357422	25	110.0	110.544891357	0.978144049644	0.622695624828	
../sounds/IOWA/piano//Piano.mf.A3.aiff	1.14836120605	1.14836120605	37	220.0	221.148361206	0.984563291073	0.551989793777	
../sounds/IOWA/piano//Piano.mf.A4.aiff	1.61807250977	1.61807250977	49	440.0	441.61807251	0.983720421791	0.43648904562	
../sounds/IOWA/piano//Piano.mf.A5.aiff	4.65942382812	4.65942382812	61	880.0	884.659423828	0.971000313759	0.09502376616	
../sounds/IOWA/piano//Piano.mf.A6.aiff	-1168.29089355	1168.29089355	73	1760.0	591.709106445	0.847329258919	0.19240988791	
../sounds/IOWA/piano//Piano.mf.Ab1.aiff	0.370913199235	0.370913199235	12	51.9130871975	52.2840003967	0.871521711349	0.26182821393	
../sounds/IOWA/piano//Piano.mf.Ab2.aiff	0.558713300326	0.558713300326	24	103.826174395	104.384887695	0.972656905651	0.473531365395	
../sounds/IOWA/piano//Piano.mf.Ab3.aiff	1.56748458405	1.56748458405	36	207.65234879	209.219833374	0.970862925053	0.478049725294	
../sounds/IOWA/piano//Piano.mf.Ab4.aiff	2.63982146302	2.63982146302	48	415.30469758	417.944519043	0.990910708904	0.447549730539	
../sounds/IOWA/piano//Piano.mf.Ab5.aiff	3.87351499636	3.87351499636	60	830.60939516	834.482910156	0.967595279217	0.121602281928	
../sounds/IOWA/piano//Piano.mf.Ab6.aiff	-1102.17582157	1102.17582157	72	1661.21879032	559.04296875	0.976332366467	0.0777646750212	
../sounds/IOWA/piano//Piano.mf.Ab7.aiff	-3109.63391548	3109.63391548	84	3322.43758064	212.803665161	0.553711533546	0.255815505981	
../sounds/IOWA/piano//Piano.mf.B0.aiff	0.257873505477	0.257873505477	3	30.8677063285	31.125579834	0.81979572773	0.189541831613	
../sounds/IOWA/piano//Piano.mf.B1.aiff	0.457069337613	0.457069337613	15	61.735412657	62.1924819946	0.879686713219	0.445250153542	
../sounds/IOWA/piano//Piano.mf.B2.aiff	0.47177875091	0.47177875091	27	123.470825314	123.942604065	0.984104037285	0.357015222311	
../sounds/IOWA/piano//Piano.mf.B4.aiff	1.75204420286	1.75204420286	51	493.883301256	495.635345459	0.996550559998	0.0684587284923	
../sounds/IOWA/piano//Piano.mf.B5.aiff	-491.039551731	491.039551731	63	987.766602512	496.727050781	0.982670545578	0.0632470995188	
../sounds/IOWA/piano//Piano.mf.B6.aiff	-1311.40429877	1311.40429877	75	1975.53320502	664.12890625	0.783363163471	0.196911484003	
../sounds/IOWA/piano//Piano.mf.B7.aiff	-3737.29567335	3737.29567335	87	3951.06641005	213.770736694	0.438877761364	0.330204606056	
../sounds/IOWA/piano//Piano.mf.Bb1.aiff	-29.1188283441	29.1188283441	14	58.2704701898	29.1516418457	0.880984842777	0.37505248189	
../sounds/IOWA/piano//Piano.mf.Bb2.aiff	0.643591786005	0.643591786005	26	116.54094038	117.184532166	0.968463420868	0.568610846996	
../sounds/IOWA/piano//Piano.mf.Bb3.aiff	1.53686313744	1.53686313744	38	233.081880759	234.618743896	0.974011719227	0.421248346567	
../sounds/IOWA/piano//Piano.mf.Bb4.aiff	4.84893379441	4.84893379441	50	466.163761518	471.012695312	0.955108046532	0.429176181555	
../sounds/IOWA/piano//Piano.mf.Bb5.aiff	7.81395645601	7.81395645601	62	932.327523036	940.141479492	0.967517673969	0.0859893932939	
../sounds/IOWA/piano//Piano.mf.Bb6.aiff	-923.236405936	923.236405936	74	1864.65504607	941.418640137	0.830487668514	0.257087171078	
../sounds/IOWA/piano//Piano.mf.Bb7.aiff	-3516.60512083	3516.60512083	86	3729.31009214	212.704971313	0.321848928928	0.287827253342	
../sounds/IOWA/piano//Piano.mf.C1.aiff	0.0899409341049	0.0899409341049	4	32.7031956626	32.7931365967	0.696081876755	0.200508892536	
../sounds/IOWA/piano//Piano.mf.C2.aiff	0.292377290573	0.292377290573	16	65.4063913251	65.6987686157	0.89551961422	0.434578806162	
../sounds/IOWA/piano//Piano.mf.C3.aiff	0.522773379974	0.522773379974	28	130.81278265	131.33555603	0.984130382538	0.37535315752	
../sounds/IOWA/piano//Piano.mf.C4.aiff	1.49180530487	1.49180530487	40	261.625565301	263.117370605	0.988016068935	0.335853606462	
../sounds/IOWA/piano//Piano.mf.C5.aiff	0.422880629272	0.422880629272	52	523.251130601	523.67401123	0.994950473309	0.124174423516	
../sounds/IOWA/piano//Piano.mf.C6.aiff	3.39873977417	3.39873977417	64	1046.5022612	1049.90100098	0.957197368145	0.110816441476	
../sounds/IOWA/piano//Piano.mf.C7.aiff	-1564.37854584	1564.37854584	76	2093.0045224	528.625976562	0.882175862789	0.118486829102	
../sounds/IOWA/piano//Piano.mf.C8.aiff	-3680.6498224	3680.6498224	88	4186.00904481	505.359222412	0.316183626652	0.259162545204	
../sounds/IOWA/piano//Piano.mf.D1.aiff	0.332683124094	0.332683124094	6	36.7080959897	37.0407791138	0.738469839096	0.250080496073	
../sounds/IOWA/piano//Piano.mf.D2.aiff	0.333403662738	0.333403662738	18	73.4161919794	73.7495956421	0.925684571266	0.405388236046	
../sounds/IOWA/piano//Piano.mf.D3.aiff	0.527708204382	0.527708204382	30	146.832383959	147.360092163	0.984513938427	0.500494003296	
../sounds/IOWA/piano//Piano.mf.D4.aiff	1.27358657478	1.27358657478	42	293.664767917	294.938354492	0.982558310032	0.610857069492	
../sounds/IOWA/piano//Piano.mf.D6.aiff	8.03404356474	8.03404356474	66	1174.65907167	1182.69311523	0.975724160671	0.083102427423	
../sounds/IOWA/piano//Piano.mf.D7.aiff	-1162.61636111	1162.61636111	78	2349.31814334	1186.70178223	0.847582578659	0.194013744593	
../sounds/IOWA/piano//Piano.mf.Db2.aiff	0.592113862227	0.592113862227	17	69.2956577442	69.8877716064	0.876269221306	0.339005708694	
../sounds/IOWA/piano//Piano.mf.Db3.aiff	0.921700258634	0.921700258634	29	138.591315488	139.513015747	0.983066499233	0.404981195927	
../sounds/IOWA/piano//Piano.mf.Db4.aiff	1.41362146453	1.41362146453	41	277.182630977	278.596252441	0.9917730093	0.602358102798	
../sounds/IOWA/piano//Piano.mf.Db5.aiff	0.558322030631	0.558322030631	53	554.365261954	554.923583984	0.99051207304	0.102709814906	
../sounds/IOWA/piano//Piano.mf.Db6.aiff	5.17889992064	5.17889992064	65	1108.73052391	1113.90942383	0.914488792419	0.215596958995	
../sounds/IOWA/piano//Piano.mf.Db7.aiff	-1093.61827438	1093.61827438	77	2217.46104781	1123.84277344	0.835548460484	0.243929415941	
../sounds/IOWA/piano//Piano.mf.E1.aiff	0.0971535304225	0.0971535304225	8	41.2034446141	41.3005981445	0.900707840919	0.222355529666	
../sounds/IOWA/piano//Piano.mf.E2.aiff	0.643098564751	0.643098564751	20	82.4068892282	83.049987793	0.942543983459	0.430433690548	
../sounds/IOWA/piano//Piano.mf.E4.aiff	1.86878097776	1.86878097776	44	329.627556913	331.496337891	0.981464326382	0.358810961246	
../sounds/IOWA/piano//Piano.mf.E5.aiff	2.79200531489	2.79200531489	56	659.255113826	662.047119141	0.995253503323	0.158968940377	
../sounds/IOWA/piano//Piano.mf.E6.aiff	7.15078309071	7.15078309071	68	1318.51022765	1325.66101074	0.989922761917	0.0466755628586	
../sounds/IOWA/piano//Piano.mf.E7.aiff	-1301.53876585	1301.53876585	80	2637.0204553	1335.48168945	0.834214866161	0.241090238094	
../sounds/IOWA/piano//Piano.mf.Eb1.aiff	0.399955739574	0.399955739574	7	38.8908729653	39.2908287048	0.701608181	0.225033298135	
../sounds/IOWA/piano//Piano.mf.Eb2.aiff	0.744567851218	0.744567851218	19	77.7817459305	78.5263137817	0.904436349869	0.449263572693	
../sounds/IOWA/piano//Piano.mf.Eb4.aiff	1.39306632675	1.39306632675	43	311.126983722	312.520050049	0.980092585087	0.427010387182	
../sounds/IOWA/piano//Piano.mf.Eb5.aiff	1.25292952849	1.25292952849	55	622.253967444	623.506896973	0.990524411201	0.0969227701426	
../sounds/IOWA/piano//Piano.mf.Eb6.aiff	9.67614714293	9.67614714293	67	1244.50793489	1254.18408203	0.981602013111	0.07510124892	
../sounds/IOWA/piano//Piano.mf.F1.aiff	-21.8251311783	21.8251311783	9	43.6535289291	21.8283977509	0.811904788017	0.207321956754	
../sounds/IOWA/piano//Piano.mf.F2.aiff	0.636156558253	0.636156558253	21	87.3070578583	87.9432144165	0.955810308456	0.257408440113	
../sounds/IOWA/piano//Piano.mf.F3.aiff	0.774113653615	0.774113653615	33	174.614115717	175.38822937	0.992552816868	0.52506172657	
../sounds/IOWA/piano//Piano.mf.F4.aiff	2.14386939707	2.14386939707	45	349.228231433	351.37210083	0.987508893013	0.204604491591	
../sounds/IOWA/piano//Piano.mf.F5.aiff	2.64339064962	2.64339064962	57	698.456462866	701.099853516	0.99078810215	0.0962879210711	
../sounds/IOWA/piano//Piano.mf.F6.aiff	8.65433501017	8.65433501017	69	1396.91292573	1405.56726074	0.947644412518	0.126890778542	
../sounds/IOWA/piano//Piano.mf.F7.aiff	-1395.40812685	1395.40812685	81	2793.82585146	1398.41772461	0.565643906593	0.323773562908	
../sounds/IOWA/piano//Piano.mf.G1.aiff	0.538038458824	0.538038458824	11	48.9994294977	49.5374679565	0.862404346466	0.274307399988	
../sounds/IOWA/piano//Piano.mf.G2.aiff	0.538418226242	0.538418226242	23	97.9988589954	98.5372772217	0.965066373348	0.290744334459	
../sounds/IOWA/piano//Piano.mf.G3.aiff	1.22663198471	1.22663198471	35	195.997717991	197.224349976	0.983124673367	0.5316426754	
../sounds/IOWA/piano//Piano.mf.G5.aiff	-1.73287635803	1.73287635803	59	783.990871963	782.257995605	0.902448415756	0.194674760103	
../sounds/IOWA/piano//Piano.mf.G6.aiff	-1042.20214188	1042.20214188	71	1567.98174393	525.779602051	0.895908534527	0.179603874683	
../sounds/IOWA/piano//Piano.mf.G7.aiff	-2921.29225372	2921.29225372	83	3135.96348785	214.671234131	0.244767904282	0.264705002308	
../sounds/IOWA/piano//Piano.mf.Gb1.aiff	0.562781359044	0.562781359044	10	46.249302839	46.812084198	0.781806468964	0.206448942423	
../sounds/IOWA/piano//Piano.mf.Gb2.aiff	0.375318577462	0.375318577462	22	92.4986056779	92.8739242554	0.961953222752	0.242262810469	
../sounds/IOWA/piano//Piano.mf.Gb3.aiff	0.871608834612	0.871608834612	34	184.997211356	185.86882019	0.983387649059	0.661959290504	
../sounds/IOWA/piano//Piano.mf.Gb4.aiff	1.60146351883	1.60146351883	46	369.994422712	371.59588623	0.979758441448	0.497390717268	
../sounds/IOWA/piano//Piano.mf.Gb5.aiff	0.647995397044	0.647995397044	58	739.988845423	740.63684082	0.99171680212	0.0968064814806	
../sounds/IOWA/piano//Piano.mf.Gb6.aiff	-983.857360036	983.857360036	70	1479.97769085	496.120330811	0.918243050575	0.134903684258	
../sounds/IOWA/piano//Piano.pp.A1.aiff	0.0382843017578	0.0382843017578	13	55.0	55.0382843018	0.918423473835	0.0532259866595	
../sounds/IOWA/piano//Piano.pp.A2.aiff	0.246383666992	0.246383666992	25	110.0	110.246383667	0.980640530586	0.149411872029	
../sounds/IOWA/piano//Piano.pp.A5.aiff	-437.723358154	437.723358154	61	880.0	442.276641846	0.942762136459	0.0948606804013	
../sounds/IOWA/piano//Piano.pp.A6.aiff	-1168.09741211	1168.09741211	73	1760.0	591.902587891	0.820958018303	0.0510213114321	
../sounds/IOWA/piano//Piano.pp.A7.aiff	-3306.41027832	3306.41027832	85	3520.0	213.58972168	0.314946532249	0.0795502588153	
../sounds/IOWA/piano//Piano.pp.Ab2.aiff	0.167920453647	0.167920453647	24	103.826174395	103.994094849	0.973566353321	0.141699105501	
../sounds/IOWA/piano//Piano.pp.Ab3.aiff	1.03960677643	1.03960677643	36	207.65234879	208.691955566	0.953396677971	0.115805096924	
../sounds/IOWA/piano//Piano.pp.Ab4.aiff	1.77730315248	1.77730315248	48	415.30469758	417.082000732	0.990926504135	0.162873715162	
../sounds/IOWA/piano//Piano.pp.Ab6.aiff	-1102.6744788	1102.6744788	72	1661.21879032	558.544311523	0.835019230843	0.0330254286528	
../sounds/IOWA/piano//Piano.pp.Ab7.aiff	-3105.07367378	3105.07367378	84	3322.43758064	217.36390686	0.361464381218	0.0395923890173	
../sounds/IOWA/piano//Piano.pp.B0.aiff	0.261714905623	0.261714905623	3	30.8677063285	31.1294212341	0.858807623386	0.155398562551	
../sounds/IOWA/piano//Piano.pp.B1.aiff	0.166534364469	0.166534364469	15	61.735412657	61.9019470215	0.979206860065	0.219309970737	
../sounds/IOWA/piano//Piano.pp.B2.aiff	0.124259830012	0.124259830012	27	123.470825314	123.595085144	0.989854037762	0.333032727242	
../sounds/IOWA/piano//Piano.pp.B3.aiff	1.04618811706	1.04618811706	39	246.941650628	247.987838745	0.969496428967	0.161759614944	
../sounds/IOWA/piano//Piano.pp.B4.aiff	0.927276136454	0.927276136454	51	493.883301256	494.810577393	0.996934294701	0.0803494602442	
../sounds/IOWA/piano//Piano.pp.B5.aiff	-491.384797092	491.384797092	63	987.766602512	496.38180542	0.944164514542	0.0462824702263	
../sounds/IOWA/piano//Piano.pp.B6.aiff	-1474.26864814	1474.26864814	75	1975.53320502	501.264556885	0.406191170216	0.014604636468	
../sounds/IOWA/piano//Piano.pp.Bb0.aiff	0.11540577426	0.11540577426	2	29.1352350949	29.2506408691	0.760248959064	0.127264276147	
../sounds/IOWA/piano//Piano.pp.Bb1.aiff	-0.052147435855	0.052147435855	14	58.2704701898	58.2183227539	0.973727881908	0.110771082342	
../sounds/IOWA/piano//Piano.pp.Bb2.aiff	0.0152806287783	0.0152806287783	26	116.54094038	116.556221008	0.946644604206	0.20294162631	
../sounds/IOWA/piano//Piano.pp.Bb3.aiff	0.897229958728	0.897229958728	38	233.081880759	233.979110718	0.973428249359	0.189223647118	
../sounds/IOWA/piano//Piano.pp.Bb4.aiff	5.52910957566	5.52910957566	50	466.163761518	471.692871094	0.922775506973	0.131210640073	
../sounds/IOWA/piano//Piano.pp.Bb5.aiff	-463.408608241	463.408608241	62	932.327523036	468.918914795	0.933808028698	0.0804019346833	
../sounds/IOWA/piano//Piano.pp.Bb6.aiff	-1393.91957244	1393.91957244	74	1864.65504607	470.735473633	0.412644207478	0.0272769406438	
../sounds/IOWA/piano//Piano.pp.Bb7.aiff	-3514.59736937	3514.59736937	86	3729.31009214	214.712722778	0.35695785284	0.0435806587338	
../sounds/IOWA/piano//Piano.pp.C1.aiff	-1.57378015049	1.57378015049	4	32.7031956626	31.1294155121	0.858861923218	0.156961366534	
../sounds/IOWA/piano//Piano.pp.C2.aiff	0.136752900925	0.136752900925	16	65.4063913251	65.5431442261	0.978896677494	0.133722141385	
../sounds/IOWA/piano//Piano.pp.C3.aiff	0.201926822357	0.201926822357	28	130.81278265	131.014709473	0.987384557724	0.225075230002	
../sounds/IOWA/piano//Piano.pp.C4.aiff	0.995681037292	0.995681037292	40	261.625565301	262.621246338	0.986349344254	0.138814374804	
../sounds/IOWA/piano//Piano.pp.C5.aiff	0.143461683959	0.143461683959	52	523.251130601	523.394592285	0.993178784847	0.115997828543	
../sounds/IOWA/piano//Piano.pp.C6.aiff	-521.358584445	521.358584445	64	1046.5022612	525.143676758	0.885124325752	0.0640421360731	
../sounds/IOWA/piano//Piano.pp.C7.aiff	-1563.67255219	1563.67255219	76	2093.0045224	529.331970215	0.682987093925	0.020479016006	
../sounds/IOWA/piano//Piano.pp.C8.aiff	-3968.39883058	3968.39883058	88	4186.00904481	217.610214233	0.344475090504	0.0280607677996	
../sounds/IOWA/piano//Piano.pp.D2.aiff	0.0848379889098	0.0848379889098	18	73.4161919794	73.5010299683	0.973530471325	0.179501265287	
../sounds/IOWA/piano//Piano.pp.D3.aiff	0.219053419226	0.219053419226	30	146.832383959	147.051437378	0.968551754951	0.152908146381	
../sounds/IOWA/piano//Piano.pp.D4.aiff	0.764248195874	0.764248195874	42	293.664767917	294.429016113	0.964088737965	0.107009410858	
../sounds/IOWA/piano//Piano.pp.D5.aiff	0.501824028466	0.501824028466	54	587.329535835	587.831359863	0.961184382439	0.0650751963258	
../sounds/IOWA/piano//Piano.pp.D6.aiff	-584.480665908	584.480665908	66	1174.65907167	590.178405762	0.932670474052	0.0612779669464	
../sounds/IOWA/piano//Piano.pp.D7.aiff	-1874.56405398	1874.56405398	78	2349.31814334	474.754089355	0.439227581024	0.0257624872029	
../sounds/IOWA/piano//Piano.pp.Db1.aiff	0.0797597814554	0.0797597814554	5	34.6478288721	34.7275886536	0.907619357109	0.0775040239096	
../sounds/IOWA/piano//Piano.pp.Db2.aiff	0.161968598555	0.161968598555	17	69.2956577442	69.4576263428	0.922878623009	0.0428103804588	
../sounds/IOWA/piano//Piano.pp.Db3.aiff	0.526741762541	0.526741762541	29	138.591315488	139.118057251	0.966604113579	0.128329217434	
../sounds/IOWA/piano//Piano.pp.Db4.aiff	1.16563562469	1.16563562469	41	277.182630977	278.348266602	0.990366399288	0.341717302799	
../sounds/IOWA/piano//Piano.pp.Db5.aiff	0.249606210318	0.249606210318	53	554.365261954	554.614868164	0.985663056374	0.105639792979	
../sounds/IOWA/piano//Piano.pp.Db6.aiff	-1029.18509849	1029.18509849	65	1108.73052391	79.545425415	0.578631818295	0.020798496902	
../sounds/IOWA/piano//Piano.pp.Db7.aiff	-1658.63090865	1658.63090865	77	2217.46104781	558.83013916	0.485127091408	0.0254311021417	
../sounds/IOWA/piano//Piano.pp.E1.aiff	0.00103841811782	0.00103841811782	8	41.2034446141	41.2044830322	0.957261800766	0.160413697362	
../sounds/IOWA/piano//Piano.pp.E2.aiff	0.215585442193	0.215585442193	20	82.4068892282	82.6224746704	0.972315132618	0.112675637007	
../sounds/IOWA/piano//Piano.pp.E3.aiff	0.634524766221	0.634524766221	32	164.813778456	165.448303223	0.993044137955	0.501685500145	
../sounds/IOWA/piano//Piano.pp.E4.aiff	1.52542770627	1.52542770627	44	329.627556913	331.152984619	0.979149878025	0.151607975364	
../sounds/IOWA/piano//Piano.pp.E5.aiff	2.68238617426	2.68238617426	56	659.255113826	661.9375	0.992933630943	0.0938096120954	
../sounds/IOWA/piano//Piano.pp.E6.aiff	-876.711338491	876.711338491	68	1318.51022765	441.79888916	0.951573252678	0.072903290391	
../sounds/IOWA/piano//Piano.pp.E7.aiff	-2103.72956175	2103.72956175	80	2637.0204553	533.290893555	0.392104208469	0.0342273600399	
../sounds/IOWA/piano//Piano.pp.Eb1.aiff	0.120582570629	0.120582570629	7	38.8908729653	39.0114555359	0.93453514576	0.124905534089	
../sounds/IOWA/piano//Piano.pp.Eb2.aiff	0.282920817527	0.282920817527	19	77.7817459305	78.064666748	0.96637070179	0.119475960732	
../sounds/IOWA/piano//Piano.pp.Eb3.aiff	0.513519247358	0.513519247358	31	155.563491861	156.077011108	0.98279106617	0.397523671389	
../sounds/IOWA/piano//Piano.pp.Eb4.aiff	1.06768790878	1.06768790878	43	311.126983722	312.194671631	0.964367508888	0.0826472714543	
../sounds/IOWA/piano//Piano.pp.Eb5.aiff	1.1567991574	1.1567991574	55	622.253967444	623.410766602	0.98782646656	0.098197594285	
../sounds/IOWA/piano//Piano.pp.Eb6.aiff	-618.064453443	618.064453443	67	1244.50793489	626.443481445	0.927639961243	0.0644374415278	
../sounds/IOWA/piano//Piano.pp.Eb7.aiff	-2392.1387488	2392.1387488	79	2489.01586978	96.8771209717	0.38560962677	0.0185854006559	
../sounds/IOWA/piano//Piano.pp.F1.aiff	0.0845654007085	0.0845654007085	9	43.6535289291	43.7380943298	0.936851382256	0.160271316767	
../sounds/IOWA/piano//Piano.pp.F2.aiff	0.0439171783701	0.0439171783701	21	87.3070578583	87.3509750366	0.98575758934	0.177750304341	
../sounds/IOWA/piano//Piano.pp.F3.aiff	0.606923101857	0.606923101857	33	174.614115717	175.221038818	0.994176268578	0.361350744963	
../sounds/IOWA/piano//Piano.pp.F4.aiff	1.49939918223	1.49939918223	45	349.228231433	350.727630615	0.991041004658	0.138909816742	
../sounds/IOWA/piano//Piano.pp.F5.aiff	2.08498000509	2.08498000509	57	698.456462866	700.541442871	0.979965984821	0.0854247882962	
../sounds/IOWA/piano//Piano.pp.F6.aiff	-927.9113083	927.9113083	69	1396.91292573	469.001617432	0.906668961048	0.0827774778008	
../sounds/IOWA/piano//Piano.pp.G1.aiff	0.323728766441	0.323728766441	11	48.9994294977	49.3231582642	0.946725726128	0.0843673497438	
../sounds/IOWA/piano//Piano.pp.G3.aiff	0.619469509125	0.619469509125	35	195.997717991	196.6171875	0.984374940395	0.269747912884	
../sounds/IOWA/piano//Piano.pp.G4.aiff	1.06132671356	1.06132671356	47	391.995435982	393.056762695	0.991862952709	0.186602517962	
../sounds/IOWA/piano//Piano.pp.G5.aiff	-3.6574369049	3.6574369049	59	783.990871963	780.333435059	0.874632358551	0.0854912772775	
../sounds/IOWA/piano//Piano.pp.G6.aiff	-1042.35961258	1042.35961258	71	1567.98174393	525.622131348	0.745406627655	0.020310074091	
../sounds/IOWA/piano//Piano.pp.G7.aiff	-2921.95700287	2921.95700287	83	3135.96348785	214.006484985	0.346385478973	0.0490464456379	
../sounds/IOWA/piano//Piano.pp.Gb1.aiff	0.186831499425	0.186831499425	10	46.249302839	46.4361343384	0.966352164745	0.152083486319	
../sounds/IOWA/piano//Piano.pp.Gb2.aiff	0.0279446150602	0.0279446150602	22	92.4986056779	92.526550293	0.956254780293	0.0880103930831	
../sounds/IOWA/piano//Piano.pp.Gb3.aiff	0.61155329262	0.61155329262	34	184.997211356	185.608764648	0.985196709633	0.363320738077	
../sounds/IOWA/piano//Piano.pp.Gb4.aiff	1.02477284501	1.02477284501	46	369.994422712	371.019195557	0.971013247967	0.145346149802	
../sounds/IOWA/piano//Piano.pp.Gb6.aiff	-983.31017986	983.31017986	70	1479.97769085	496.667510986	0.827898621559	0.0323978289962	
../sounds/IOWA/piano//Piano.pp.Gb7.aiff	-2744.0346511	2744.0346511	82	2959.95538169	215.920730591	0.327566921711	0.036756914109	
../sounds/IOWA/trumpet//Trumpet.ff.vib.stereo.A3.aiff	-1.72099304199	1.72099304199	37	220.0	218.279006958	0.982818126678	0.807777822018	
../sounds/IOWA/trumpet//Trumpet.ff.vib.stereo.A4.aiff	2.32516479492	2.32516479492	49	440.0	442.325164795	0.996823072433	0.691028118134	
../sounds/IOWA/trumpet//Trumpet.ff.vib.stereo.A5.aiff	8.74792480469	8.74792480469	61	880.0	888.747924805	0.998784005642	0.600468456745	
../sounds/IOWA/trumpet//Trumpet.ff.vib.stereo.Ab3.aiff	-1.21657303314	1.21657303314	36	207.65234879	206.435775757	0.980933904648	0.825249314308	
../sounds/IOWA/trumpet//Trumpet.ff.vib.stereo.Ab4.aiff	0.719930105602	0.719930105602	48	415.30469758	416.024627686	0.996721684933	0.771859943867	
../sounds/IOWA/trumpet//Trumpet.ff.vib.stereo.Ab5.aiff	10.658915387	10.658915387	60	830.60939516	841.268310547	0.99723392725	0.595936775208	
../sounds/IOWA/trumpet//Trumpet.ff.vib.stereo.B3.aiff	2.29229712584	2.29229712584	39	246.941650628	249.233947754	0.98889619112	0.783807992935	
../sounds/IOWA/trumpet//Trumpet.ff.vib.stereo.B4.aiff	1.03158521849	1.03158521849	51	493.883301256	494.914886475	0.99696713686	0.711993217468	
../sounds/IOWA/trumpet//Trumpet.ff.vib.stereo.Bb3.aiff	-1.90548915748	1.90548915748	38	233.081880759	231.176391602	0.983796596527	0.821031451225	
../sounds/IOWA/trumpet//Trumpet.ff.vib.stereo.Bb4.aiff	1.28292427293	1.28292427293	50	466.163761518	467.446685791	0.996918022633	0.725574016571	
../sounds/IOWA/trumpet//Trumpet.ff.vib.stereo.Bb5.aiff	6.87267227632	6.87267227632	62	932.327523036	939.200195312	0.998801827431	0.571288764477	
../sounds/IOWA/trumpet//Trumpet.ff.vib.stereo.C4.aiff	0.633132209167	0.633132209167	40	261.625565301	262.25869751	0.993174314499	0.790527522564	
../sounds/IOWA/trumpet//Trumpet.ff.vib.stereo.C5.aiff	2.39761207458	2.39761207458	52	523.251130601	525.648742676	0.997634708881	0.778310954571	
../sounds/IOWA/trumpet//Trumpet.ff.vib.stereo.C6.aiff	5.76702590698	5.76702590698	64	1046.5022612	1052.26928711	0.999597549438	0.463963329792	
../sounds/IOWA/trumpet//Trumpet.ff.vib.stereo.D4.aiff	0.94643813728	0.94643813728	42	293.664767917	294.611206055	0.995765686035	0.795922756195	
../sounds/IOWA/trumpet//Trumpet.ff.vib.stereo.D5.aiff	1.76299346206	1.76299346206	54	587.329535835	589.092529297	0.997549295425	0.684912860394	
../sounds/IOWA/trumpet//Trumpet.ff.vib.stereo.Db4.aiff	-0.432356318669	0.432356318669	41	277.182630977	276.750274658	0.992871999741	0.841620504856	
../sounds/IOWA/trumpet//Trumpet.ff.vib.stereo.Db5.aiff	-1.64315502015	1.64315502015	53	554.365261954	552.722106934	0.997109830379	0.646220207214	
../sounds/IOWA/trumpet//Trumpet.ff.vib.stereo.Db6.aiff	1.49017921751	1.49017921751	65	1108.73052391	1110.22070312	0.999142467976	0.342501789331	
../sounds/IOWA/trumpet//Trumpet.ff.vib.stereo.E4.aiff	1.8928593469	1.8928593469	44	329.627556913	331.52041626	0.993842124939	0.81887537241	
../sounds/IOWA/trumpet//Trumpet.ff.vib.stereo.E5.aiff	6.84901215082	6.84901215082	56	659.255113826	666.104125977	0.997973322868	0.584112226963	
../sounds/IOWA/trumpet//Trumpet.ff.vib.stereo.Eb4.aiff	0.854247967372	0.854247967372	43	311.126983722	311.981231689	0.993903756142	0.793115198612	
../sounds/IOWA/trumpet//Trumpet.ff.vib.stereo.Eb5.aiff	9.75457747771	9.75457747771	55	622.253967444	632.008544922	0.997997701168	0.586692094803	
../sounds/IOWA/trumpet//Trumpet.ff.vib.stereo.F3.aiff	-0.178385736033	0.178385736033	33	174.614115717	174.43572998	0.960611045361	0.849138379097	
../sounds/IOWA/trumpet//Trumpet.ff.vib.stereo.F4.aiff	-1.96996116933	1.96996116933	45	349.228231433	347.258270264	0.994101345539	0.784614562988	
../sounds/IOWA/trumpet//Trumpet.ff.vib.stereo.F5.aiff	3.84987258321	3.84987258321	57	698.456462866	702.306335449	0.998149633408	0.536958634853	
../sounds/IOWA/trumpet//Trumpet.ff.vib.stereo.G3.aiff	-1.03288949966	1.03288949966	35	195.997717991	194.964828491	0.976817190647	0.821327209473	
../sounds/IOWA/trumpet//Trumpet.ff.vib.stereo.G4.aiff	0.205186576844	0.205186576844	47	391.995435982	392.200622559	0.996710538864	0.788245618343	
../sounds/IOWA/trumpet//Trumpet.ff.vib.stereo.G5.aiff	9.25906700135	9.25906700135	59	783.990871963	793.249938965	0.997699081898	0.523017883301	
../sounds/IOWA/trumpet//Trumpet.ff.vib.stereo.Gb4.aiff	0.737571917272	0.737571917272	46	369.994422712	370.731994629	0.994909286499	0.737287998199	
../sounds/IOWA/trumpet//Trumpet.ff.vib.stereo.Gb5.aiff	6.56333963532	6.56333963532	58	739.988845423	746.552185059	0.998513221741	0.577484846115	
../sounds/IOWA/xylophone//Xylophone.ff.hardrubber.stereo.A4.aiff	28.9728393555	28.9728393555	49	440.0	468.972839355	0.832645893097	0.215234875679	
../sounds/IOWA/xylophone//Xylophone.ff.hardrubber.stereo.A5.aiff	-438.32144165	438.32144165	61	880.0	441.67855835	0.959092497826	0.0856137573719	
../sounds/IOWA/xylophone//Xylophone.ff.hardrubber.stereo.A6.aiff	-873.263305664	873.263305664	73	1760.0	886.736694336	0.906238496304	0.205534845591	
../sounds/IOWA/xylophone//Xylophone.ff.hardrubber.stereo.Ab4.aiff	-204.24572236	204.24572236	48	415.30469758	211.05897522	0.62076485157	0.367731601	
../sounds/IOWA/xylophone//Xylophone.ff.hardrubber.stereo.Ab5.aiff	6.78153501589	6.78153501589	60	830.60939516	837.390930176	0.956067204475	0.0620053373277	
../sounds/IOWA/xylophone//Xylophone.ff.hardrubber.stereo.Ab6.aiff	51.2851159302	51.2851159302	72	1661.21879032	1712.50390625	0.782687425613	0.509417116642	
../sounds/IOWA/xylophone//Xylophone.ff.hardrubber.stereo.Ab7.aiff	-1656.64583259	1656.64583259	84	3322.43758064	1665.79174805	0.941848158836	0.430171638727	
../sounds/IOWA/xylophone//Xylophone.ff.hardrubber.stereo.B4.aiff	16.7982783337	16.7982783337	51	493.883301256	510.68157959	0.902903437614	0.318269103765	
../sounds/IOWA/xylophone//Xylophone.ff.hardrubber.stereo.B5.aiff	-4.11096286381	4.11096286381	63	987.766602512	983.655639648	0.902701795101	0.270101189613	
../sounds/IOWA/xylophone//Xylophone.ff.hardrubber.stereo.B6.aiff	20.0534648974	20.0534648974	75	1975.53320502	1995.58666992	0.955735564232	0.179846912622	
../sounds/IOWA/xylophone//Xylophone.ff.hardrubber.stereo.B7.aiff	-1955.53979872	1955.53979872	87	3951.06641005	1995.52661133	0.786648213863	0.586214542389	
../sounds/IOWA/xylophone//Xylophone.ff.hardrubber.stereo.Bb4.aiff	-1.05331840286	1.05331840286	50	466.163761518	465.110443115	0.809554815292	0.192037954926	
../sounds/IOWA/xylophone//Xylophone.ff.hardrubber.stereo.Bb5.aiff	-460.31449203	460.31449203	62	932.327523036	472.013031006	0.828893780708	0.195874407887	
../sounds/IOWA/xylophone//Xylophone.ff.hardrubber.stereo.Bb6.aiff	17.6011795136	17.6011795136	74	1864.65504607	1882.25622559	0.972925066948	0.178686246276	
../sounds/IOWA/xylophone//Xylophone.ff.hardrubber.stereo.Bb7.aiff	-1857.75101011	1857.75101011	86	3729.31009214	1871.55908203	0.835328578949	0.476738035679	
../sounds/IOWA/xylophone//Xylophone.ff.hardrubber.stereo.C8.aiff	-3488.69880311	3488.69880311	88	4186.00904481	697.310241699	0.574272096157	0.786360859871	
../sounds/IOWA/xylophone//Xylophone.ff.hardrubber.stereo.D5.aiff	41.9601980519	41.9601980519	54	587.329535835	629.289733887	0.869409263134	0.223454475403	
../sounds/IOWA/xylophone//Xylophone.ff.hardrubber.stereo.D6.aiff	-0.761244521193	0.761244521193	66	1174.65907167	1173.89782715	0.924732625484	0.164052501321	
../sounds/IOWA/xylophone//Xylophone.ff.hardrubber.stereo.D7.aiff	27.3949914264	27.3949914264	78	2349.31814334	2376.71313477	0.923400223255	0.38489729166	
../sounds/IOWA/xylophone//Xylophone.ff.hardrubber.stereo.Db5.aiff	33.8710051361	33.8710051361	53	554.365261954	588.23626709	0.870334029198	0.150454923511	
../sounds/IOWA/xylophone//Xylophone.ff.hardrubber.stereo.Db6.aiff	1.40045753782	1.40045753782	65	1108.73052391	1110.13098145	0.886135995388	0.173647776246	
../sounds/IOWA/xylophone//Xylophone.ff.hardrubber.stereo.Db7.aiff	67.6615107788	67.6615107788	77	2217.46104781	2285.12255859	0.85326641798	0.291044443846	
../sounds/IOWA/xylophone//Xylophone.ff.hardrubber.stereo.E5.aiff	-11.2982046461	11.2982046461	56	659.255113826	647.95690918	0.898103356361	0.126032933593	
../sounds/IOWA/xylophone//Xylophone.ff.hardrubber.stereo.E6.aiff	-650.731541128	650.731541128	68	1318.51022765	667.778686523	0.932639718056	0.152791380882	
../sounds/IOWA/xylophone//Xylophone.ff.hardrubber.stereo.Eb6.aiff	-618.392090162	618.392090162	67	1244.50793489	626.115844727	0.936835408211	0.124909557402	
../sounds/IOWA/xylophone//Xylophone.ff.hardrubber.stereo.Eb7.aiff	9.88476498898	9.88476498898	79	2489.01586978	2498.90063477	0.991314828396	0.213008821011	
../sounds/IOWA/xylophone//Xylophone.ff.hardrubber.stereo.F4.aiff	-232.116888049	232.116888049	45	349.228231433	117.111343384	0.673645734787	0.208727255464	
../sounds/IOWA/xylophone//Xylophone.ff.hardrubber.stereo.F5.aiff	-30.3113822996	30.3113822996	57	698.456462866	668.145080566	0.81318295002	0.257621854544	
../sounds/IOWA/xylophone//Xylophone.ff.hardrubber.stereo.F7.aiff	10.8228301766	10.8228301766	81	2793.82585146	2804.64868164	0.965554118156	0.406322211027	
../sounds/IOWA/xylophone//Xylophone.ff.hardrubber.stereo.G4.aiff	-10.8751051712	10.8751051712	47	391.995435982	381.120330811	0.773620963097	0.251381725073	
../sounds/IOWA/xylophone//Xylophone.ff.hardrubber.stereo.G5.aiff	-3.75564247131	3.75564247131	59	783.990871963	780.235229492	0.932872533798	0.104551017284	
../sounds/IOWA/xylophone//Xylophone.ff.hardrubber.stereo.G6.aiff	-770.267266388	770.267266388	71	1567.98174393	797.714477539	0.929238200188	0.134854152799	
../sounds/IOWA/xylophone//Xylophone.ff.hardrubber.stereo.Gb4.aiff	2215.95259877	2215.95259877	46	369.994422712	2585.94702148	0.793915569782	0.482257246971	
../sounds/IOWA/xylophone//Xylophone.ff.hardrubber.stereo.Gb5.aiff	-367.453383997	367.453383997	58	739.988845423	372.535461426	0.953574597836	0.0846413299441	
../sounds/IOWA/xylophone//Xylophone.ff.hardrubber.stereo.Gb6.aiff	19.43893513	19.43893513	70	1479.97769085	1499.41662598	0.960369825363	0.187753468752	
../sounds/IOWA/xylophone//Xylophone.ff.hardrubber.stereo.Gb7.aiff	19.9953019007	19.9953019007	82	2959.95538169	2979.95068359	0.983761012554	0.336523592472	
../sounds/IOWA/xylophone//Xylophone.ff.rosewood.stereo.A4.aiff	124.587402344	124.587402344	49	440.0	564.587402344	0.721152186394	0.388039618731	
../sounds/IOWA/xylophone//Xylophone.ff.rosewood.stereo.A5.aiff	67.2526245117	67.2526245117	61	880.0	947.252624512	0.799130141735	0.383918404579	
../sounds/IOWA/xylophone//Xylophone.ff.rosewood.stereo.A7.aiff	49.4196777344	49.4196777344	85	3520.0	3569.41967773	0.90858566761	0.387337177992	
../sounds/IOWA/xylophone//Xylophone.ff.rosewood.stereo.Ab4.aiff	975.388295584	975.388295584	48	415.30469758	1390.69299316	0.639221787453	0.440858453512	
../sounds/IOWA/xylophone//Xylophone.ff.rosewood.stereo.Ab6.aiff	62.5034997193	62.5034997193	72	1661.21879032	1723.72229004	0.588798999786	0.618978917599	
../sounds/IOWA/xylophone//Xylophone.ff.rosewood.stereo.Ab7.aiff	67.7413744386	67.7413744386	84	3322.43758064	3390.17895508	0.855668962002	0.610426604748	
../sounds/IOWA/xylophone//Xylophone.ff.rosewood.stereo.B4.aiff	2601.70703078	2601.70703078	51	493.883301256	3095.59033203	0.782997667789	0.408195585012	
../sounds/IOWA/xylophone//Xylophone.ff.rosewood.stereo.B5.aiff	64.9820547143	64.9820547143	63	987.766602512	1052.74865723	0.835146069527	0.524750232697	
../sounds/IOWA/xylophone//Xylophone.ff.rosewood.stereo.B6.aiff	-1305.5224018	1305.5224018	75	1975.53320502	670.010803223	0.757673680782	0.373259097338	
../sounds/IOWA/xylophone//Xylophone.ff.rosewood.stereo.B7.aiff	56.3974571385	56.3974571385	87	3951.06641005	4007.46386719	0.836346268654	0.504550218582	
../sounds/IOWA/xylophone//Xylophone.ff.rosewood.stereo.Bb6.aiff	-923.491532889	923.491532889	74	1864.65504607	941.163513184	0.901339590549	0.187284573913	
../sounds/IOWA/xylophone//Xylophone.ff.rosewood.stereo.C5.aiff	1194.2936692	1194.2936692	52	523.251130601	1717.5447998	0.789555907249	0.548551082611	
../sounds/IOWA/xylophone//Xylophone.ff.rosewood.stereo.C7.aiff	24.0696963452	24.0696963452	76	2093.0045224	2117.07421875	0.883779406548	0.23055562377	
../sounds/IOWA/xylophone//Xylophone.ff.rosewood.stereo.C8.aiff	19.4177130029	19.4177130029	88	4186.00904481	4205.42675781	0.815918207169	0.720196068287	
../sounds/IOWA/xylophone//Xylophone.ff.rosewood.stereo.D5.aiff	3231.39434112	3231.39434112	54	587.329535835	3818.72387695	0.882764816284	0.467867285013	
../sounds/IOWA/xylophone//Xylophone.ff.rosewood.stereo.D6.aiff	-82.1098773337	82.1098773337	66	1174.65907167	1092.54919434	0.822972655296	0.449268519878	
../sounds/IOWA/xylophone//Xylophone.ff.rosewood.stereo.D7.aiff	19.4262414264	19.4262414264	78	2349.31814334	2368.74438477	0.761124074459	0.543786644936	
../sounds/IOWA/xylophone//Xylophone.ff.rosewood.stereo.Db5.aiff	3109.03341969	3109.03341969	53	554.365261954	3663.39868164	0.785360455513	0.346264928579	
../sounds/IOWA/xylophone//Xylophone.ff.rosewood.stereo.Db6.aiff	-16.7932680481	16.7932680481	65	1108.73052391	1091.93725586	0.804267525673	0.293805360794	
../sounds/IOWA/xylophone//Xylophone.ff.rosewood.stereo.E5.aiff	-15.21574615	15.21574615	56	659.255113826	644.039367676	0.57018750906	0.448205530643	
../sounds/IOWA/xylophone//Xylophone.ff.rosewood.stereo.E7.aiff	-2105.36286253	2105.36286253	80	2637.0204553	531.657592773	0.773339807987	0.396310210228	
../sounds/IOWA/xylophone//Xylophone.ff.rosewood.stereo.Eb5.aiff	6.22460921599	6.22460921599	55	622.253967444	628.47857666	0.844529867172	0.344278156757	
../sounds/IOWA/xylophone//Xylophone.ff.rosewood.stereo.Eb6.aiff	-610.128113111	610.128113111	67	1244.50793489	634.379821777	0.7939016819	0.295075833797	
../sounds/IOWA/xylophone//Xylophone.ff.rosewood.stereo.F4.aiff	36.4728794068	36.4728794068	45	349.228231433	385.70111084	0.412374079227	0.409957766533	
../sounds/IOWA/xylophone//Xylophone.ff.rosewood.stereo.F5.aiff	3373.74031448	3373.74031448	57	698.456462866	4072.19677734	0.843457639217	0.521728754044	
../sounds/IOWA/xylophone//Xylophone.ff.rosewood.stereo.F6.aiff	-60.2393417476	60.2393417476	69	1396.91292573	1336.67358398	0.769703090191	0.422320753336	
../sounds/IOWA/xylophone//Xylophone.ff.rosewood.stereo.F7.aiff	-1858.79075625	1858.79075625	81	2793.82585146	935.035095215	0.910850465298	0.362088292837	
../sounds/IOWA/xylophone//Xylophone.ff.rosewood.stereo.G4.aiff	-3.74641254425	3.74641254425	47	391.995435982	388.249023438	0.385102272034	0.424219191074	
../sounds/IOWA/xylophone//Xylophone.ff.rosewood.stereo.G5.aiff	-22.4819608307	22.4819608307	59	783.990871963	761.508911133	0.766224265099	0.376095861197	
../sounds/IOWA/xylophone//Xylophone.ff.rosewood.stereo.G6.aiff	-744.493706818	744.493706818	71	1567.98174393	823.488037109	0.722738385201	0.396444559097	
../sounds/IOWA/xylophone//Xylophone.ff.rosewood.stereo.Gb4.aiff	2320.28853627	2320.28853627	46	369.994422712	2690.28295898	0.65091407299	0.453906565905	
../sounds/IOWA/xylophone//Xylophone.ff.rosewood.stereo.Gb5.aiff	-364.567061976	364.567061976	58	739.988845423	375.421783447	0.684033930302	0.239022016525	
../sounds/IOWA/xylophone//Xylophone.ff.rosewood.stereo.Gb6.aiff	-732.019438893	732.019438893	70	1479.97769085	747.958251953	0.821983575821	0.279493898153	
../sounds/IOWA/xylophone//Xylophone.ff.rosewood.stereo.Gb7.aiff	-1469.62444908	1469.62444908	82	2959.95538169	1490.33093262	0.964686870575	0.288679122925	
