name,err,absErr,midinote,pTag,pEst,confidence
philharmonia/guitar//guitar_A2_very-long_forte_normal.mp3	0.114852905273	0.114852905273	25	110.0	110.114852905	0.984556794167	
philharmonia/guitar//guitar_A2_very-long_piano_normal.mp3	0.0018310546875	0.0018310546875	25	110.0	110.001831055	0.988417088985	
philharmonia/guitar//guitar_A3_very-long_forte_harmonics.mp3	-110.031204224	110.031204224	37	220.0	109.968795776	0.984755337238	
philharmonia/guitar//guitar_A3_very-long_forte_normal.mp3	1.93064880371	1.93064880371	37	220.0	221.930648804	0.994729161263	
philharmonia/guitar//guitar_A3_very-long_pianissimo_harmonics.mp3	-110.054489136	110.054489136	37	220.0	109.945510864	0.976407408714	
philharmonia/guitar//guitar_A3_very-long_piano_harmonics.mp3	0.392349243164	0.392349243164	37	220.0	220.392349243	0.975559353828	
philharmonia/guitar//guitar_A3_very-long_piano_normal.mp3	2.23249816895	2.23249816895	37	220.0	222.232498169	0.994836032391	
philharmonia/guitar//guitar_A4_very-long_forte_harmonics.mp3	-330.040618896	330.040618896	49	440.0	109.959381104	0.977378845215	
philharmonia/guitar//guitar_A4_very-long_forte_normal.mp3	2.66952514648	2.66952514648	49	440.0	442.669525146	0.989951074123	
philharmonia/guitar//guitar_A4_very-long_piano_harmonics.mp3	-329.860687256	329.860687256	49	440.0	110.139312744	0.924244821072	
philharmonia/guitar//guitar_A4_very-long_piano_normal.mp3	1.99230957031	1.99230957031	49	440.0	441.99230957	0.997250199318	
philharmonia/guitar//guitar_As2_very-long_forte_normal.mp3	0.221297169306	0.221297169306	26	116.54094038	116.762237549	0.991673350334	
philharmonia/guitar//guitar_As2_very-long_piano_normal.mp3	-0.0646525377256	0.0646525377256	26	116.54094038	116.476287842	0.991316199303	
philharmonia/guitar//guitar_As3_very-long_forte_normal.mp3	2.05119114037	2.05119114037	38	233.081880759	235.133071899	0.988716006279	
philharmonia/guitar//guitar_As3_very-long_piano_normal.mp3	1.2586038601	1.2586038601	38	233.081880759	234.340484619	0.992606282234	
philharmonia/guitar//guitar_As4_very-long_forte_normal.mp3	3.56335029832	3.56335029832	50	466.163761518	469.727111816	0.977624237537	
philharmonia/guitar//guitar_As4_very-long_piano_normal.mp3	1.28258857957	1.28258857957	50	466.163761518	467.446350098	0.992861032486	
philharmonia/guitar//guitar_B2_very-long_forte_normal.mp3	0.096084476008	0.096084476008	27	123.470825314	123.56690979	0.988386392593	
philharmonia/guitar//guitar_B2_very-long_piano_normal.mp3	-0.0857468838553	0.0857468838553	27	123.470825314	123.38507843	0.992632329464	
philharmonia/guitar//guitar_B3_very-long_forte_normal.mp3	2.45877051452	2.45877051452	39	246.941650628	249.400421143	0.992256045341	
philharmonia/guitar//guitar_B3_very-long_piano_harmonics.mp3	0.602187872914	0.602187872914	39	246.941650628	247.543838501	0.920969188213	
philharmonia/guitar//guitar_B3_very-long_piano_normal.mp3	1.81483435729	1.81483435729	39	246.941650628	248.756484985	0.995605289936	
philharmonia/guitar//guitar_B4_very-long_forte_harmonics.mp3	-246.279816149	246.279816149	51	493.883301256	247.603485107	0.963268041611	
philharmonia/guitar//guitar_B4_very-long_forte_normal.mp3	3.54193067747	3.54193067747	51	493.883301256	497.425231934	0.972827136517	
philharmonia/guitar//guitar_B4_very-long_pianissimo_harmonics.mp3	-246.994583605	246.994583605	51	493.883301256	246.888717651	0.943364083767	
philharmonia/guitar//guitar_B4_very-long_piano_normal.mp3	0.913726331766	0.913726331766	51	493.883301256	494.797027588	0.992020368576	
philharmonia/guitar//guitar_B5_very-long_forte_harmonics.mp3	-740.39755344	740.39755344	63	987.766602512	247.369049072	0.744526743889	
philharmonia/guitar//guitar_B5_very-long_piano_harmonics.mp3	-739.905106541	739.905106541	63	987.766602512	247.861495972	0.637732982635	
philharmonia/guitar//guitar_C3_very-long_forte_normal.mp3	0.297645206146	0.297645206146	28	130.81278265	131.110427856	0.974100589752	
philharmonia/guitar//guitar_C3_very-long_piano_normal.mp3	-0.141182308502	0.141182308502	28	130.81278265	130.671600342	0.987900853157	
philharmonia/guitar//guitar_C4_very-long_forte_normal.mp3	2.64350818573	2.64350818573	40	261.625565301	264.269073486	0.985454261303	
philharmonia/guitar//guitar_C4_very-long_piano_harmonics.mp3	-0.274277458802	0.274277458802	40	261.625565301	261.351287842	0.912475824356	
philharmonia/guitar//guitar_C5_very-long_piano_harmonics.mp3	2.72341773865	2.72341773865	52	523.251130601	525.97454834	0.980026423931	
philharmonia/guitar//guitar_C6_very-long_piano_normal.mp3	8.56170364136	8.56170364136	64	1046.5022612	1055.06396484	0.997900307178	
philharmonia/guitar//guitar_Cs3_very-long_forte_normal.mp3	0.132973451994	0.132973451994	29	138.591315488	138.72428894	0.978235840797	
philharmonia/guitar//guitar_Cs3_very-long_piano_normal.mp3	-0.125571469881	0.125571469881	29	138.591315488	138.465744019	0.99077630043	
philharmonia/guitar//guitar_Cs4_very-long_forte_normal.mp3	2.77864221649	2.77864221649	41	277.182630977	279.961273193	0.986528635025	
philharmonia/guitar//guitar_D3_very-long_forte_normal.mp3	0.216276319617	0.216276319617	30	146.832383959	147.048660278	0.991882860661	
philharmonia/guitar//guitar_D3_very-long_piano_normal.mp3	0.0214826184447	0.0214826184447	30	146.832383959	146.853866577	0.991238296032	
philharmonia/guitar//guitar_D4_very-long_forte_harmonics.mp3	-0.273532565845	0.273532565845	42	293.664767917	293.391235352	0.950793385506	
philharmonia/guitar//guitar_D4_very-long_forte_normal.mp3	2.71615249275	2.71615249275	42	293.664767917	296.38092041	0.990099072456	
philharmonia/guitar//guitar_D4_very-long_pianissimo_harmonics.mp3	-0.157199558033	0.157199558033	42	293.664767917	293.507568359	0.965331077576	
philharmonia/guitar//guitar_D4_very-long_piano_normal.mp3	1.52672988533	1.52672988533	42	293.664767917	295.191497803	0.996105730534	
philharmonia/guitar//guitar_D5_very-long_forte_harmonics.mp3	-440.467597358	440.467597358	54	587.329535835	146.861938477	0.936603069305	
philharmonia/guitar//guitar_D5_very-long_forte_normal.mp3	-0.797004096534	0.797004096534	54	587.329535835	586.532531738	0.991148591042	
philharmonia/guitar//guitar_D5_very-long_piano_harmonics.mp3	-293.115058296	293.115058296	54	587.329535835	294.214477539	0.804114758968	
philharmonia/guitar//guitar_D5_very-long_piano_normal.mp3	-0.540534369971	0.540534369971	54	587.329535835	586.789001465	0.997205674648	
philharmonia/guitar//guitar_Ds3_very-long_forte_normal.mp3	0.412841757124	0.412841757124	31	155.563491861	155.976333618	0.993285953999	
philharmonia/guitar//guitar_Ds3_very-long_piano_normal.mp3	-0.00433353584515	0.00433353584515	31	155.563491861	155.559158325	0.992471039295	
philharmonia/guitar//guitar_Ds4_very-long_forte_normal.mp3	2.37902824081	2.37902824081	43	311.126983722	313.506011963	0.992004275322	
philharmonia/guitar//guitar_Ds4_very-long_piano_harmonics.mp3	-207.47680672	207.47680672	43	311.126983722	103.650177002	0.959813058376	
philharmonia/guitar//guitar_Ds4_very-long_piano_normal.mp3	1.37420646347	1.37420646347	43	311.126983722	312.501190186	0.996681809425	
philharmonia/guitar//guitar_Ds5_very-long_forte_normal.mp3	-0.268005530099	0.268005530099	55	622.253967444	621.985961914	0.923145413399	
philharmonia/guitar//guitar_Ds5_very-long_piano_normal.mp3	0.258422692557	0.258422692557	55	622.253967444	622.512390137	0.980596840382	
philharmonia/guitar//guitar_E2_very-long_forte_normal.mp3	0.514924736626	0.514924736626	20	82.4068892282	82.9218139648	0.982025384903	
philharmonia/guitar//guitar_E2_very-long_piano_normal.mp3	0.223024101861	0.223024101861	20	82.4068892282	82.6299133301	0.980631828308	
philharmonia/guitar//guitar_E3_very-long_forte_harmonics.mp3	-82.212536391	82.212536391	32	164.813778456	82.6012420654	0.94190376997	
philharmonia/guitar//guitar_E3_very-long_forte_normal.mp3	0.543368760362	0.543368760362	32	164.813778456	165.357147217	0.981938540936	
philharmonia/guitar//guitar_E3_very-long_pianissimo_harmonics.mp3	-82.2101941669	82.2101941669	32	164.813778456	82.6035842896	0.940181076527	
philharmonia/guitar//guitar_E3_very-long_piano_normal.mp3	-0.0306058490131	0.0306058490131	32	164.813778456	164.783172607	0.983652830124	
philharmonia/guitar//guitar_E4_very-long_forte_harmonics.mp3	-247.001679532	247.001679532	44	329.627556913	82.6258773804	0.928064227104	
philharmonia/guitar//guitar_E4_very-long_forte_normal.mp3	0.85291183713	0.85291183713	44	329.627556913	330.48046875	0.980441987514	
philharmonia/guitar//guitar_E4_very-long_piano_harmonics.mp3	-219.405343168	219.405343168	44	329.627556913	110.222213745	0.923825740814	
philharmonia/guitar//guitar_E4_very-long_piano_normal.mp3	0.607092745333	0.607092745333	44	329.627556913	330.234649658	0.994958281517	
philharmonia/guitar//guitar_E5_very-long_forte_harmonics.mp3	-549.214983211	549.214983211	56	659.255113826	110.040130615	0.734728693962	
philharmonia/guitar//guitar_E5_very-long_forte_normal.mp3	4.5045907641	4.5045907641	56	659.255113826	663.75970459	0.9644728899	
philharmonia/guitar//guitar_E5_very-long_pianissimo_harmonics.mp3	-549.22519897	549.22519897	56	659.255113826	110.029914856	0.757396221161	
philharmonia/guitar//guitar_E5_very-long_piano_harmonics.mp3	-364.628832087	364.628832087	56	659.255113826	294.626281738	0.90647482872	
philharmonia/guitar//guitar_E5_very-long_piano_normal.mp3	1.4323251391	1.4323251391	56	659.255113826	660.687438965	0.989819645882	
philharmonia/guitar//guitar_E6_very-long_forte_harmonics.mp3	-1208.38760802	1208.38760802	68	1318.51022765	110.122619629	0.643986940384	
philharmonia/guitar//guitar_E6_very-long_piano_harmonics.mp3	-1129.82234618	1129.82234618	68	1318.51022765	188.68788147	0.697903871536	
philharmonia/guitar//guitar_F2_very-long_forte_normal.mp3	0.352419375636	0.352419375636	21	87.3070578583	87.6594772339	0.98369705677	
philharmonia/guitar//guitar_F2_very-long_piano_normal.mp3	0.21099328921	0.21099328921	21	87.3070578583	87.5180511475	0.984788477421	
philharmonia/guitar//guitar_F3_very-long_forte_normal.mp3	0.410954473928	0.410954473928	33	174.614115717	175.02507019	0.99539399147	
philharmonia/guitar//guitar_F3_very-long_piano_normal.mp3	-0.0548505797832	0.0548505797832	33	174.614115717	174.559265137	0.988575875759	
philharmonia/guitar//guitar_F4_very-long_forte_normal.mp3	2.67231177989	2.67231177989	45	349.228231433	351.900543213	0.985144019127	
philharmonia/guitar//guitar_F4_very-long_piano_harmonics.mp3	-0.334554675191	0.334554675191	45	349.228231433	348.893676758	0.975069105625	
philharmonia/guitar//guitar_F4_very-long_piano_normal.mp3	1.73914527598	1.73914527598	45	349.228231433	350.967376709	0.995759427547	
philharmonia/guitar//guitar_Fs2_very-long_forte_normal.mp3	0.649404575998	0.649404575998	22	92.4986056779	93.1480102539	0.959418714046	
philharmonia/guitar//guitar_Fs2_very-long_piano_normal.mp3	0.260419895822	0.260419895822	22	92.4986056779	92.7590255737	0.943339884281	
philharmonia/guitar//guitar_Fs3_very-long_forte_normal.mp3	0.427196603167	0.427196603167	34	184.997211356	185.424407959	0.988197267056	
philharmonia/guitar//guitar_Fs3_very-long_piano_normal.mp3	-0.056980032575	0.056980032575	34	184.997211356	184.940231323	0.980451405048	
philharmonia/guitar//guitar_Fs4_very-long_forte_normal.mp3	2.01519032547	2.01519032547	46	369.994422712	372.009613037	0.985264897346	
philharmonia/guitar//guitar_Fs4_very-long_piano_harmonics.mp3	-0.0761793034313	0.0761793034313	46	369.994422712	369.918243408	0.98551350832	
philharmonia/guitar//guitar_Fs4_very-long_piano_normal.mp3	1.49886342118	1.49886342118	46	369.994422712	371.493286133	0.996020317078	
philharmonia/guitar//guitar_Fs5_very-long_piano_harmonics.mp3	-492.497176722	492.497176722	58	739.988845423	247.491668701	0.552642941475	
philharmonia/guitar//guitar_G2_very-long_forte_normal.mp3	0.753651075363	0.753651075363	23	97.9988589954	98.7525100708	0.971791088581	
philharmonia/guitar//guitar_G2_very-long_piano_normal.mp3	0.258282117844	0.258282117844	23	97.9988589954	98.2571411133	0.991346418858	
philharmonia/guitar//guitar_G3_very-long_forte_normal.mp3	1.55986867905	1.55986867905	35	195.997717991	197.55758667	0.978366017342	
philharmonia/guitar//guitar_G3_very-long_piano_harmonics.mp3	1.13622365952	1.13622365952	35	195.997717991	197.13394165	0.936076164246	
philharmonia/guitar//guitar_G3_very-long_piano_normal.mp3	1.09334646225	1.09334646225	35	195.997717991	197.091064453	0.986333787441	
philharmonia/guitar//guitar_G4_very-long_forte_harmonics.mp3	-195.638273506	195.638273506	47	391.995435982	196.357162476	0.934956073761	
philharmonia/guitar//guitar_G4_very-long_forte_normal.mp3	2.54408428192	2.54408428192	47	391.995435982	394.539520264	0.955580413342	
philharmonia/guitar//guitar_G4_very-long_pianissimo_harmonics.mp3	-195.866285591	195.866285591	47	391.995435982	196.129150391	0.978671014309	
philharmonia/guitar//guitar_G4_very-long_piano_harmonics.mp3	-195.178083687	195.178083687	47	391.995435982	196.817352295	0.967876732349	
philharmonia/guitar//guitar_G4_very-long_piano_normal.mp3	1.70768901825	1.70768901825	47	391.995435982	393.703125	0.984165787697	
philharmonia/guitar//guitar_G5_very-long_forte_harmonics.mp3	-522.107082901	522.107082901	59	783.990871963	261.883789062	0.500106275082	
philharmonia/guitar//guitar_G5_very-long_forte_normal.mp3	5.92624229431	5.92624229431	59	783.990871963	789.917114258	0.965204715729	
philharmonia/guitar//guitar_G5_very-long_piano_harmonics.mp3	-521.49230629	521.49230629	59	783.990871963	262.498565674	0.627729177475	
philharmonia/guitar//guitar_Gs2_very-long_forte_normal.mp3	0.566983563998	0.566983563998	24	103.826174395	104.393157959	0.978803694248	
philharmonia/guitar//guitar_Gs2_very-long_piano_normal.mp3	0.137830121615	0.137830121615	24	103.826174395	103.964004517	0.990937948227	
philharmonia/guitar//guitar_Gs3_very-long_forte_normal.mp3	2.52631637116	2.52631637116	36	207.65234879	210.178665161	0.986829459667	
philharmonia/guitar//guitar_Gs3_very-long_piano_normal.mp3	2.12259933014	2.12259933014	36	207.65234879	209.77494812	0.987277150154	
philharmonia/guitar//guitar_Gs4_very-long_forte_normal.mp3	3.03441374818	3.03441374818	48	415.30469758	418.339111328	0.98504525423	
philharmonia/guitar//guitar_Gs4_very-long_piano_normal.mp3	2.05745451966	2.05745451966	48	415.30469758	417.3621521	0.99393594265	
philharmonia/guitar//guitar_Gs5_very-long_forte_normal.mp3	16.1495159729	16.1495159729	60	830.60939516	846.758911133	0.947569489479	
