name,count,absErr_m,absErr_sd,c_loErr,ERBerr_m,ERBerr_sd,c_loERBerr,c_ERBerr_lt_2,pTag_m,pTag_m_w_ERBerr_lt_2
../results//carlos_ESS.txt, 634, 262.044497046, 828.696180289, 517, 5.30283911672, 8.04971293741, 445, 380, 525.426323702, 354.795980579, 
../results//carlos_ESS_win.txt, 634, 3977.21042107, 6155.61989189, 466, 24.8643533123, 28.232035811, 413, 188, 525.426323702, 355.504376328, 
../results//carlos_JSON.txt, 564, 305.120315555, 870.43659113, 461, 5.82446808511, 7.52131985603, 365, 180, 586.188706655, 371.61223977, 
../results//good-sounds_ESS.txt, 144, 59.8973856209, 232.81846592, 133, 1.80555555556, 3.04429744171, 132, 132, 631.883169014, 586.825791033, 
../results//good-sounds_ESS_win.txt, 131, 1192.64952723, 3242.40630136, 114, 12.0992366412, 16.345905462, 86, 55, 645.499425353, 462.406533484, 
../results//good-sounds_JSON.txt, 185, 69.19112925, 110.571245623, 126, 1.92972972973, 1.4483662492, 101, 101, 624.041013237, 499.209674466, 
../results//IOWA_ESS.txt, 225, 426.249545244, 911.593923545, 170, 5.89777777778, 10.1545061456, 169, 166, 828.991317009, 335.387616169, 
../results//IOWA_ESS_win.txt, 222, 1981.12799652, 3169.62964617, 161, 16.9279279279, 19.4733413115, 151, 67, 850.86623167, 417.608623429, 
../results//modularsamples_ESS.txt, 481, 3659.53504018, 5624.3721957, 384, 26.7401247401, 22.7306617721, 302, 19, 3883.30691419, 65.4063913251, 
../results//philharmonia_guitar_ESS.txt, 106, 98.7402633226, 222.481083495, 82, 3.67924528302, 5.48333180943, 80, 80, 361.306998284, 293.02288238, 
../results//philharmonia_guitar_ESS_win.txt, 106, 1059.52748044, 3460.97576169, 96, 10.1603773585, 16.9956358396, 78, 51, 361.306998284, 277.735837116, 
../results//philharmonia_violin_ESS.txt, 1502, 98.6181719752, 302.688760181, 1269, 2.69840213049, 4.39179541351, 1265, 1259, 910.661040492, 910.996292738, 
../results//philharmonia_violin_ESS_win.txt, 1502, 3903.16691818, 6073.6971529, 1122, 20.3482023968, 24.747202429, 1048, 556, 910.661040492, 796.468572024, 
