name,count,absErr_m,absErr_sd,c_loErr,ERBerr_m,ERBerr_sd,c_loERBerr,c_ERBerr_lt_2,pTag_m,pTag_m_w_ERBerr_lt_2,pTag_m_w_ERBerr_gt_2
results//carlos_ESS.txt, 635, 261.631880806, 828.108581613, 518, 5.29606299213, 8.04518148521, 446, 381, 524.701882864, 354.036427851, 780.700065382, 
results//carlos_JSON.txt, 564, 305.120315555, 870.43659113, 461, 5.82446808511, 7.52131985603, 365, 180, 586.188706655, 371.61223977, 686.771425507, 
results//good-sounds_ESS.txt, 187, 70.0534705894, 234.979305094, 169, 1.9679144385, 3.15195168011, 168, 168, 617.628806836, 554.278602032, 1177.77798616, 
results//good-sounds_JSON.txt, 185, 69.19112925, 110.571245623, 126, 1.92972972973, 1.4483662492, 101, 101, 624.041013237, 499.209674466, 774.135837235, 
results//IOWA_piano_ESS.txt, 259, 430.034780753, 916.899961575, 197, 5.91891891892, 10.297373301, 196, 192, 841.389503717, 348.718867517, 2253.22177462, 
results//modularsamples_ESS.txt, 9368, 1812.26497392, 2404.91197238, 6370, 22.4130017079, 12.6110316288, 5154, 97, 1988.46112241, 326.747391481, 2005.84718992, 
results//modularsamples_JSON.txt, 13714, 2113.06278418, 2622.70105875, 8951, 21.3894560303, 12.4770955835, 7284, 250, 2466.65588271, 541.104306759, 2502.40958844, 
results//philharmonia_guitar_ESS.txt, 106, 98.7402633226, 222.481083495, 82, 3.67924528302, 5.48333180943, 80, 80, 361.306998284, 293.02288238, 571.411970298, 
results//philharmonia_violin_ESS.txt, 1502, 98.6181719752, 302.688760181, 1269, 2.69840213049, 4.39179541351, 1265, 1259, 910.661040492, 910.996292738, 908.924075153, 
