name,count,absErr_m,absErr_sd,c_loErr,ERBerr_m,ERBerr_sd,c_loERBerr,c_ERBerr_lt_2,pTag_m,pTag_m_w_ERBerr_lt_2,pTag_m_w_ERBerr_gt_2,pTag_m_w_ERBerr_lt_m,pTag_m_w_ERBerr_gt_m
../results/carlos_ESS.txt, 634, 262.044497046, 828.696180289, 517, 5.30283911672, 8.04971293741, 445, 380, 525.426323702, 354.795980579, 780.700065382, 341.867881035, 957.614191358, 
../results/carlos_ESS_win.txt, 634, 3977.21042107, 6155.61989189, 466, 24.8643533123, 28.232035811, 413, 188, 525.426323702, 355.504376328, 597.05261542, 456.622203814, 654.00596856, 
../results/carlos_JSON.txt, 564, 305.120315555, 870.43659113, 461, 5.82446808511, 7.52131985603, 365, 180, 586.188706655, 371.61223977, 686.771425507, 358.4408086, 1003.91726339, 
../results/good-sounds_ESS.txt, 144, 59.8973856209, 232.81846592, 133, 1.80555555556, 3.04429744171, 132, 132, 631.883169014, 586.825791033, 1127.5143268, 586.825791033, 1127.5143268, 
../results/good-sounds_ESS_win.txt, 131, 1192.64952723, 3242.40630136, 114, 12.0992366412, 16.345905462, 86, 55, 645.499425353, 462.406533484, 778.000860257, 462.19064969, 995.822863285, 
../results/good-sounds_JSON.txt, 185, 69.19112925, 110.571245623, 126, 1.92972972973, 1.4483662492, 101, 101, 624.041013237, 499.209674466, 774.135837235, 499.209674466, 774.135837235, 
../results/IOWA_ESS.txt, 225, 426.249545244, 911.593923545, 170, 5.89777777778, 10.1545061456, 169, 166, 828.991317009, 335.387616169, 2217.7746109, 330.280897797, 2334.02811785, 
../results/IOWA_ESS_win.txt, 222, 1981.12799652, 3169.62964617, 161, 16.9279279279, 19.4733413115, 151, 67, 850.86623167, 417.608623429, 1038.14532685, 605.408498278, 1372.89605903, 
../results/modularsamples_ESS.txt, 4729, 1797.16385132, 2604.76892635, 3232, 22.4174244026, 12.9731737154, 2627, 52, 1928.46550941, 284.987629381, 1946.73808794, 813.138282664, 3322.35924142, 
../results/philharmonia_guitar_ESS.txt, 106, 98.7402633226, 222.481083495, 82, 3.67924528302, 5.48333180943, 80, 80, 361.306998284, 293.02288238, 571.411970298, 293.02288238, 571.411970298, 
../results/philharmonia_guitar_ESS_win.txt, 106, 1059.52748044, 3460.97576169, 96, 10.1603773585, 16.9956358396, 78, 51, 361.306998284, 277.735837116, 438.800256822, 305.208667314, 517.580920271, 
../results/philharmonia_violin_ESS.txt, 1502, 98.6181719752, 302.688760181, 1269, 2.69840213049, 4.39179541351, 1265, 1259, 910.661040492, 910.996292738, 908.924075153, 912.070953694, 903.135554416, 
../results/philharmonia_violin_ESS_win.txt, 1502, 3903.16691818, 6073.6971529, 1122, 20.3482023968, 24.747202429, 1048, 556, 910.661040492, 796.468572024, 977.776275659, 1022.2321416, 653.113652902, 
